M3, -2.29578996063, 3.84821192913, 2.31414885827
M3, -2.26631523622, 3.85240779528, 2.33985255906
M3, -2.23508429134, 3.85678389764, 2.36335602362
M3, -2.20219137795, 3.86131677165, 2.38443688976
M3, -2.16775968504, 3.86599834646, 2.40286956693
M3, -2.13232055118, 3.87069850394, 2.41928102362
M3, -2.09616685039, 3.87543086614, 2.43404374016
M3, -2.05944287402, 3.88012322835, 2.44734185039
M3, -2.02222389764, 3.88477594488, 2.45920074803
M3, -1.98467090551, 3.88938153543, 2.4699738189
M3, -1.94682354331, 3.89387988189, 2.47971240157
M3, -1.90873094488, 3.89831574803, 2.48847586614
M3, -1.87042551181, 3.90266480315, 2.49630905512
M3, -1.83194169291, 3.90691110236, 2.50327688976
M3, -1.79330374016, 3.91102649606, 2.50942275591
M3, -1.75453094488, 3.91502622047, 2.51474185039
M3, -1.7156180315, 3.91890248031, 2.51902511811
M3, -1.67664023622, 3.92264059055, 2.52280889764
M3, -1.63753629921, 3.92624019685, 2.52513795276
M3, -1.59836566929, 3.92969326772, 2.52631570866
M3, -1.55916409449, 3.93296909449, 2.5266776378
M3, -1.51994929134, 3.93608692913, 2.52625862205
M3, -1.48072055118, 3.93901944882, 2.52581590551
M3, -1.44149346457, 3.9417588189, 2.52465106299
M3, -1.40226606299, 3.94432877953, 2.52313326772
M3, -1.3630284252, 3.94665515748, 2.52149929134
M3, -1.32381708661, 3.94880519685, 2.51915173228
M3, -1.28460547244, 3.95068791339, 2.51658102362
M3, -1.2453926378, 3.95235437008, 2.51388866142
M3, -1.20623527559, 3.95374688976, 2.51036547244
M3, -1.16708937008, 3.95487027559, 2.50662
M3, -1.12794059055, 3.9557815748, 2.50284677165
M3, -1.08888153543, 3.9564823622, 2.49820425197
M3, -1.04988287402, 3.95696385827, 2.4930592126
M3, -1.0109534252, 3.95722937008, 2.48739393701
M3, -0.972150748031, 3.95728405512, 2.48091027559
M3, -0.933500275591, 3.95711523622, 2.4735869685
M3, -0.895006141732, 3.95672476378, 2.46549307087
M3, -0.856852047244, 3.95611259843, 2.4559361811
M3, -0.819178661417, 3.95529858268, 2.44464724409
M3, -0.781873937008, 3.95430826772, 2.43219555118
M3, -0.744844251969, 3.9531284252, 2.41896456693
M3, -0.708218228346, 3.95177677165, 2.40466980315
M3, -0.672206889764, 3.95035208661, 2.38890385827
M3, -0.637103385827, 3.94882173228, 2.37122015748
M3, -0.603404370079, 3.94735019685, 2.35099535433
M3, -0.571904566929, 3.94597629921, 2.32750240157
M3, -0.543820708661, 3.94475952756, 2.30002787402
M3, -0.520251456693, 3.94382145669, 2.26859417323
M3, -0.501854566929, 3.9431053937, 2.23386433071
M3, -0.488144724409, 3.94263531496, 2.19701858268
M3, -0.478323149606, 3.94232622047, 2.15894472441
M3, -0.47256480315, 3.94215771654, 2.12003933071
M3, -0.46979992126, 3.94207692913, 2.08080173228
M3, -0.469159055118, 3.94205830709, 2.04146948819
M3, -0.470183858268, 3.9420880315, 2.00214444882
M3, -0.472603070866, 3.94215889764, 1.96288070866
M3, -0.476180787402, 3.94226346457, 1.9237030315
M3, -0.48076488189, 3.94239771654, 1.88463212598
M3, -0.486127125984, 3.94256712598, 1.84566122047
M3, -0.492209685039, 3.94277377953, 1.80679488189
M3, -0.49907011811, 3.94300748031, 1.76805751969
M3, -0.506637913386, 3.943285, 1.72945291339
M3, -0.514751181102, 3.9436046063, 1.69096023622
M3, -0.523464370079, 3.94394791339, 1.65259850394
M3, -0.532773779528, 3.94431468504, 1.61437704724
M3, -0.542714094488, 3.94471326772, 1.57631507874
M3, -0.553321220472, 3.94516681102, 1.53843405512
M3, -0.564735511811, 3.94566393701, 1.50078944882
M3, -0.577084370079, 3.94620188976, 1.46344177165
M3, -0.590036929134, 3.9467665748, 1.42629862205
M3, -0.602988622047, 3.94733188976, 1.38915519685
M3, -0.615940314961, 3.94789779528, 1.35201177165
M3, -0.629148700787, 3.94847448819, 1.31496082677
M3, -0.643275629921, 3.94909145669, 1.27825007874
M3, -0.658226299213, 3.94974417323, 1.24186795276
M3, -0.674070433071, 3.9504307874, 1.20586629921
M3, -0.691191023622, 3.95111535433, 1.17045531496
M3, -0.70970007874, 3.95183444882, 1.13575102362
M3, -0.729788543307, 3.9525973622, 1.1019388189
M3, -0.751714173228, 3.95336181102, 1.06929169291
M3, -0.775654015748, 3.95411964567, 1.0380930315
M3, -0.801926771654, 3.95486425197, 1.00883716535
M3, -0.830631181102, 3.95557102362, 0.981966614173
M3, -0.861866181102, 3.95620720472, 0.958087125984
M3, -0.895470984252, 3.95671814961, 0.937667165354
M3, -0.93065488189, 3.95709511811, 0.920090787402
M3, -0.966903149606, 3.95727893701, 0.90482
M3, -1.00391929134, 3.95726062992, 0.891507952756
M3, -1.04153255906, 3.95704283465, 0.87999007874
M3, -1.07957496063, 3.95661362205, 0.869986299213
M3, -1.11794208661, 3.95597685039, 0.86131988189
M3, -1.15656574803, 3.95513429134, 0.853903031496
M3, -1.1953757874, 3.9540842126, 0.847549212598
M3, -1.23433637795, 3.95277818898, 0.842260314961
M3, -1.27338228346, 3.95119822835, 0.837741929134
M3, -1.31249826772, 3.94936208661, 0.833967086614
M3, -1.35168374016, 3.94729314961, 0.831160866142
M3, -1.39089240157, 3.94502685039, 0.828897755906
M3, -1.43012129921, 3.94252807087, 0.827303740157
M3, -1.46935755906, 3.93982744094, 0.826397834646
M3, -1.50858933071, 3.93694901575, 0.825872637795
M3, -1.5478092126, 3.93388043307, 0.826109055118
M3, -1.58701484252, 3.93065984252, 0.826586535433
M3, -1.62618877953, 3.92724917323, 0.827788031496
M3, -1.66534484252, 3.9236957874, 0.829156377953
M3, -1.70445523622, 3.91998980315, 0.831232913386
M3, -1.74354417323, 3.91613515748, 0.833447165354
M3, -1.78261208661, 3.91214748031, 0.835781771654
M3, -1.82160204724, 3.90802066929, 0.839012716535
M3, -1.86050129921, 3.90378397638, 0.843079251969
M3, -1.89927003937, 3.89938984252, 0.848092283465
M3, -1.93781137795, 3.89494826772, 0.854594448819
M3, -1.97599547244, 3.89041208661, 0.862883385827
M3, -2.01358614173, 3.88583507874, 0.873523937008
M3, -2.0505576378, 3.8812538189, 0.886156259843
M3, -2.08683826772, 3.87662602362, 0.90062507874
M3, -2.12198933071, 3.87206492126, 0.917675669291
M3, -2.15575240157, 3.8676038189, 0.937352362205
M3, -2.18807251969, 3.86323854331, 0.959340787402
M3, -2.21804433071, 3.85915350394, 0.984417086614
M3, -2.2442907874, 3.85549590551, 1.01346952756
M3, -2.26830173228, 3.85213204724, 1.04444181102
M3, -2.29058559055, 3.84896015748, 1.07670259843
M3, -2.31152602362, 3.84594925197, 1.10986830709
M3, -2.33126015748, 3.8431026378, 1.14378051181
M3, -2.34978082677, 3.84038098425, 1.17837905512
M3, -2.36750791339, 3.83776866142, 1.21339956693
M3, -2.38427574803, 3.8352876378, 1.24890102362
M3, -2.40001889764, 3.83291948819, 1.28487637795
M3, -2.41477996063, 3.83069255906, 1.32127267717
M3, -2.42880106299, 3.82857614173, 1.35796598425
M3, -2.44165074803, 3.82661354331, 1.39509590551
M3, -2.45341082677, 3.8248007874, 1.43259228346
M3, -2.46399570866, 3.82316858268, 1.47044535433
M3, -2.47326409449, 3.82173913386, 1.50864984252
M3, -2.48107413386, 3.82053074803, 1.54718610236
M3, -2.48716413386, 3.81958066929, 1.58603728346
M3, -2.49208358268, 3.81880811024, 1.62506
M3, -2.49596047244, 3.81819779528, 1.66420208661
M3, -2.4987446063, 3.81775925197, 1.70343968504
M3, -2.50042098425, 3.81749519685, 1.74274129921
M3, -2.50095051181, 3.81741200787, 1.78207728346
M3, -2.50031645669, 3.81751232283, 1.82141129921
M3, -2.49839901575, 3.81781448819, 1.86070224409
M3, -2.49508551181, 3.81833625984, 1.89989751969
M3, -2.4902711811, 3.81909318898, 1.93893267717
M3, -2.4837903937, 3.82010783465, 1.97771913386
M3, -2.47542464567, 3.82140543307, 2.01613405512
M3, -2.4649923622, 3.82301480315, 2.05402661417
M3, -2.45207448819, 3.82500685039, 2.09112527559
M3, -2.43629185039, 3.82743625984, 2.12706677165
M3, -2.41747744094, 3.83028586614, 2.16148948819
M3, -2.3965973622, 3.83343582677, 2.19467673228
M3, -2.37393204724, 3.83682129921, 2.22664779528
M3, -2.34961200787, 3.84040622047, 2.25735673228
