M3, -3.55818350394, 3.6149257874, 2.62665185039
M3, -3.55204452756, 3.61590377953, 2.66427677165
M3, -3.54590559055, 3.61688177165, 2.70190200787
M3, -3.53976692913, 3.61786007874, 2.73952724409
M3, -3.53362795276, 3.61883811024, 2.77715248031
M3, -3.52748901575, 3.61981610236, 2.81477771654
M3, -3.52135003937, 3.62079440945, 2.85240295276
M3, -3.51521110236, 3.62177240157, 2.89002814961
M3, -3.50907212598, 3.6227503937, 2.92765311024
M3, -3.50293346457, 3.62372870079, 2.96527830709
M3, -3.49679452756, 3.62470673228, 3.00290354331
M3, -3.49065555118, 3.62568503937, 3.04052877953
M3, -3.4845165748, 3.6266630315, 3.07815401575
M3, -3.4783776378, 3.62764102362, 3.11577925197
M3, -3.47223897638, 3.62861933071, 3.15340448819
M3, -3.4661, 3.62959732283, 3.19102940945
M3, -3.45996106299, 3.63057535433, 3.22865464567
M3, -3.49269507874, 3.62536003937, 3.26610173228
M3, -3.53156834646, 3.61916637795, 3.26590862205
M3, -3.57044070866, 3.61297275591, 3.26562925197
M3, -3.60931185039, 3.60677944882, 3.26521807087
M3, -3.6481830315, 3.60058610236, 3.26476661417
M3, -3.68705090551, 3.59437326772, 3.26433708661
M3, -3.72592023622, 3.58816822835, 3.26390783465
M3, -3.76482385827, 3.58218755906, 3.26347830709
M3, -3.80395905512, 3.5780034252, 3.26304610236
M3, -3.84314110236, 3.57424877953, 3.26261354331
M3, -3.88232011811, 3.57046354331, 3.26218102362
M3, -3.92149346457, 3.56662149606, 3.26174850394
M3, -3.96066531496, 3.56276385827, 3.26131503937
M3, -3.99983141732, 3.55884913386, 3.26084976378
M3, -4.03899153543, 3.55489204724, 3.2602811811
M3, -4.0781465748, 3.55091484252, 3.25951885827
M3, -4.11728866142, 3.54686795276, 3.25851468504
M3, -4.15641996063, 3.54276311024, 3.2573330315
M3, -4.1955434252, 3.53861531496, 3.25604267717
M3, -4.23466267717, 3.53443988189, 3.25471322835
M3, -4.27377866142, 3.53023110236, 3.25340059055
M3, -4.31288472441, 3.52592858268, 3.25209248031
M3, -4.35198444882, 3.52156811024, 3.25078437008
M3, -4.39107877953, 3.51715688976, 3.2494861811
M3, -4.43016322835, 3.51267444882, 3.24814173228
M3, -4.46923444882, 3.50812027559, 3.24665220472
M3, -4.5082888189, 3.50350476378, 3.24493437008
M3, -4.54732700787, 3.49882472441, 3.24303334646
M3, -4.58635074803, 3.49407496063, 3.24100885827
M3, -4.62536188976, 3.48924952756, 3.23892007874
M3, -4.66436220472, 3.48434326772, 3.23682318898
M3, -4.70335291339, 3.47935775591, 3.23473023622
M3, -4.74233311024, 3.4742907874, 3.23263755906
M3, -4.78130251969, 3.46914035433, 3.23054547244
M3, -4.82026015748, 3.4639034252, 3.22845397638
M3, -4.85920582677, 3.4585769685, 3.22636433071
M3, -4.89813767717, 3.45315496063, 3.22425692913
M3, -4.93704728346, 3.44762275591, 3.22203870079
M3, -4.97592956693, 3.44198362205, 3.21961169291
M3, -5.01478480315, 3.43626216535, 3.21696185039
M3, -5.05361240157, 3.43044401575, 3.21412275591
M3, -5.09241299213, 3.42450992126, 3.21115177165
M3, -5.13119192913, 3.41846527559, 3.20812106299
M3, -5.16995287402, 3.41231216535, 3.2050888189
M3, -5.20869397638, 3.40602814961, 3.20205870079
M3, -5.24741224409, 3.39960685039, 3.19903066929
M3, -5.28611011811, 3.39306417323, 3.1960038189
M3, -5.32478992126, 3.38641397638, 3.1929788189
M3, -5.36345055118, 3.37965027559, 3.18995917323
M3, -5.40208350394, 3.37273062992, 3.1869407874
M3, -5.44068224409, 3.36564070866, 3.18388031496
M3, -5.47924551181, 3.35841712598, 3.18068708661
M3, -5.51776917323, 3.35107759843, 3.17728476378
M3, -5.55624472441, 3.34360586614, 3.17363350394
M3, -5.59466685039, 3.33597858268, 3.16975692913
M3, -5.63303551181, 3.32816897638, 3.16571185039
M3, -5.67136448819, 3.32020496063, 3.16158866142
M3, -5.70966224409, 3.31210759843, 3.15744082677
M3, -5.74792515748, 3.3038534252, 3.15328070866
M3, -5.78614901575, 3.29541905512, 3.14911940945
M3, -5.82432846457, 3.28678129921, 3.14496858268
M3, -5.8624688189, 3.27796633858, 3.14082948819
M3, -5.90057555118, 3.26900543307, 3.1366946063
M3, -5.93864259843, 3.2598765748, 3.13256362205
M3, -5.97666401575, 3.25055791339, 3.12843622047
M3, -6.01463318898, 3.24102716535, 3.12431216535
M3, -6.05255248031, 3.23129759843, 3.12019409449
M3, -6.09041649606, 3.22141122047, 3.11594322835
M3, -6.12819582677, 3.2113626378, 3.11133255906
M3, -6.16586940945, 3.20109358268, 3.10635874016
M3, -6.20346669291, 3.19062059055, 3.10123503937
M3, -6.24101712598, 3.17997397638, 3.09612425197
M3, -6.27851232283, 3.16912944882, 3.09102248031
M3, -6.3159365748, 3.15803858268, 3.08593240157
M3, -6.3533007874, 3.14674527559, 3.08084354331
M3, -6.39059590551, 3.13528677165, 3.07562098425
M3, -6.42779433071, 3.12364354331, 3.07012692913
M3, -6.46487740157, 3.11175429134, 3.06438086614
M3, -6.50187393701, 3.09964338583, 3.05854228346
M3, -6.53880141732, 3.08732070866, 3.05271330709
M3, -6.57565019685, 3.07475653543, 3.04689692913
M3, -6.61242688976, 3.06197850394, 3.04109259843
M3, -6.64912248031, 3.04896767717, 3.03529185039
M3, -6.68569850394, 3.03567901575, 3.0293676378
M3, -6.72214716535, 3.02217677165, 3.02314759843
M3, -6.75845948819, 3.00844385827, 3.01664098425
M3, -6.79467688976, 2.99451452756, 3.01002322835
M3, -6.83078255906, 2.98029169291, 3.00342110236
M3, -6.86678307087, 2.96579677165, 2.99683818898
M3, -6.90269830709, 2.95107622047, 2.99028771654
M3, -6.93850838583, 2.93610338583, 2.98373275591
M3, -6.97417070866, 2.92082988189, 2.97706814961
M3, -7.00969125984, 2.90536566929, 2.97009594488
M3, -7.0450453937, 2.88965330709, 2.96283452756
M3, -7.08023492126, 2.87365318898, 2.95540456693
M3, -7.11532472441, 2.85743925197, 2.94796712598
M3, -7.15027334646, 2.84091047244, 2.94055877953
M3, -7.18510543307, 2.82412433071, 2.93317901575
M3, -7.21982279528, 2.80709275591, 2.92582354331
M3, -7.25439476378, 2.78975358268, 2.91849901575
M3, -7.28884299213, 2.77215913386, 2.91120122047
M3, -7.32316925197, 2.75431716535, 2.90392988189
M3, -7.35735854331, 2.73620185039, 2.89668826772
M3, -7.39138444882, 2.71781590551, 2.88936496063
M3, -7.425125, 2.69924673228, 2.88122492126
M3, -7.45860362205, 2.68049043307, 2.87246011811
M3, -7.49183893701, 2.66153681102, 2.86321023622
M3, -7.5246988189, 2.64247775591, 2.85289673228
M3, -7.55711051181, 2.62337480315, 2.84132830709
M3, -7.58890586614, 2.60432685039, 2.82807716535
M3, -7.62021401575, 2.58529814961, 2.81368496063
M3, -7.65102295276, 2.56628562992, 2.79823393701
M3, -7.68139275591, 2.54730224409, 2.78190220472
M3, -7.71128015748, 2.52838224409, 2.76463397638
M3, -7.74081972441, 2.50943417323, 2.74680940945
M3, -7.77002350394, 2.49053476378, 2.72838622047
M3, -7.79883496063, 2.47168248031, 2.70930732283
M3, -7.82730582677, 2.45290590551, 2.6896526378
M3, -7.85548653543, 2.4341961811, 2.66952244094
M3, -7.88334944882, 2.41557007874, 2.64888011811
M3, -7.91087051181, 2.39705814961, 2.62768122047
M3, -7.93830870079, 2.37858224409, 2.60634385827
M3, -7.9653353937, 2.3603811811, 2.58425854331
M3, -7.99224732283, 2.34225326772, 2.56197440945
M3, -8.01876637795, 2.32438964567, 2.53901535433
M3, -8.04501330709, 2.30682326772, 2.51552370079
M3, -8.07108, 2.28949913386, 2.49165106299
M3, -8.09717492126, 2.27224259843, 2.46775996063
M3, -8.12327346457, 2.25499492126, 2.44386688976
M3, -8.14934015748, 2.23765724409, 2.42000338583
M3, -8.17538102362, 2.22025082677, 2.39616275591
M3, -8.20140807087, 2.20280370079, 2.37233574803
M3, -8.22742972441, 2.18534409449, 2.34851279528
M3, -8.25346456693, 2.16792007874, 2.32467814961
M3, -8.27957755906, 2.15071204724, 2.30077204724
M3, -8.3057842126, 2.13376877953, 2.27677984252
M3, -8.33211822835, 2.11719255906, 2.25267125984
M3, -8.35863429134, 2.10115704724, 2.22839625984
M3, -8.38533114173, 2.08568586614, 2.20395531496
M3, -8.41220645669, 2.07079023622, 2.1793515748
M3, -8.43923854331, 2.05642759843, 2.15460377953
M3, -8.4664292126, 2.04262637795, 2.1297107874
M3, -8.49373885827, 2.02926216535, 2.10470905512
M3, -8.52114700787, 2.01627417323, 2.07961720472
M3, -8.54864047244, 2.00362244094, 2.0544469685
M3, -8.57620779528, 1.99126940945, 2.02920929134
M3, -8.60383641732, 1.97917023622, 2.00391559055
M3, -8.63151429134, 1.96727976378, 1.97857669291
M3, -8.65923003937, 1.95555275591, 1.95320311024
M3, -8.68697519685, 1.94395665354, 1.92780141732
M3, -8.7147503937, 1.9324853937, 1.90237586614
M3, -8.74255322835, 1.92109535433, 1.87694429134
M3, -8.77040712598, 1.90985433071, 1.85150192913
M3, -8.79834452756, 1.89892775591, 1.82601464567
M3, -8.82637625984, 1.88840311024, 1.8004615748
M3, -8.85448425197, 1.87825015748, 1.77484240157
M3, -8.8826811811, 1.86855933071, 1.74914200787
M3, -8.91096401575, 1.85933944882, 1.72336307087
M3, -8.93934173228, 1.8506676378, 1.69749807087
M3, -8.96779877953, 1.84248692913, 1.67156055118
M3, -8.99633751969, 1.8348446063, 1.64554866142
M3, -9.02481681102, 1.82778259843, 1.61931015748
M3, -9.05296507874, 1.82131519685, 1.59256448819
M3, -9.08082976378, 1.81542165354, 1.56539452756
M3, -9.10832562992, 1.81007775591, 1.53774007874
M3, -9.13446562992, 1.80541362205, 1.50869775591
M3, -9.15531007874, 1.80197602362, 1.4756426378
M3, -9.16591314961, 1.80031362205, 1.43791350394
M3, -9.16467440945, 1.80050661417, 1.39874106299
M3, -9.15052759843, 1.80274244094, 1.36230350394
M3, -9.1242476378, 1.80718744094, 1.33368409449
M3, -9.08942094488, 1.81369602362, 1.31686984252
M3, -9.05249106299, 1.82142948819, 1.30569216535
M3, -9.01505358268, 1.83012129921, 1.29721318898
M3, -8.97746889764, 1.83983, 1.29071692913
M3, -8.93992866142, 1.8504946063, 1.2856
M3, -8.90250799213, 1.86206503937, 1.28171062992
M3, -8.86525854331, 1.8744880315, 1.27898389764
M3, -8.82822472441, 1.88772125984, 1.27733216535
M3, -8.7914053937, 1.90163110236, 1.27683744094
M3, -8.75481374016, 1.91611956693, 1.27756314961
M3, -8.71842933071, 1.93095937008, 1.27984850394
M3, -8.68228220472, 1.94589614173, 1.28422637795
M3, -8.64666437008, 1.96084346457, 1.29170062992
M3, -8.61260362205, 1.97540944882, 1.30480472441
M3, -8.58215511811, 1.98868669291, 1.32580838583
M3, -8.55488515748, 2.00083649606, 1.35144015748
M3, -8.52954232283, 2.01239291339, 1.37924720472
M3, -8.50544248031, 2.02365291339, 1.40825901575
M3, -8.48209830709, 2.03487755906, 1.4378992126
M3, -8.45933870079, 2.04615299213, 1.46796775591
M3, -8.43709811024, 2.0575365748, 1.49838622047
M3, -8.4149284252, 2.06931330709, 1.52870614173
M3, -8.39282897638, 2.08146523622, 1.55892937008
M3, -8.37080708661, 2.09401212598, 1.58904728346
M3, -8.34886866142, 2.10697397638, 1.61905047244
M3, -8.32702094488, 2.12037062992, 1.64892885827
M3, -8.30526216535, 2.1341257874, 1.67870858268
M3, -8.2835015748, 2.14816027559, 1.70835677165
M3, -8.2616226378, 2.16250413386, 1.73776850394
M3, -8.23964035433, 2.17715555118, 1.76695110236
M3, -8.21765988189, 2.19188688976, 1.79609464567
M3, -8.1956788189, 2.20661854331, 1.82523818898
M3, -8.17370677165, 2.22133622047, 1.85439476378
M3, -8.15156830709, 2.23613484252, 1.88338362205
M3, -8.12896547244, 2.25120755906, 1.9118692126
M3, -8.1063115748, 2.26621070866, 1.94035086614
M3, -8.08342279528, 2.28132051181, 1.96858637795
M3, -8.06019338583, 2.2966942126, 1.99639897638
M3, -8.03697602362, 2.3121869685, 2.02415602362
M3, -8.01347448819, 2.3279546063, 2.05151429134
M3, -7.98963232283, 2.34401476378, 2.07840507874
M3, -7.96577271654, 2.36008665354, 2.10527358268
M3, -7.94164043307, 2.37633846457, 2.13178543307
M3, -7.91715968504, 2.39282307087, 2.1578326378
M3, -7.89236653543, 2.40951251969, 2.18344964567
M3, -7.86724122047, 2.42634106299, 2.20864830709
M3, -7.84184972441, 2.44326913386, 2.23351169291
M3, -7.81603055118, 2.46037492126, 2.25780681102
M3, -7.78984610236, 2.47757350394, 2.28163893701
M3, -7.76335228346, 2.49487074803, 2.30505574803
M3, -7.7363676378, 2.51231366142, 2.32779523622
M3, -7.7091715748, 2.52972429134, 2.35030586614
M3, -7.68166129921, 2.54713192913, 2.37243248031
M3, -7.65349440945, 2.56475854331, 2.39353374016
M3, -7.62451173228, 2.5826653937, 2.4132476378
M3, -7.59467417323, 2.6008365748, 2.43137992126
M3, -7.56404728346, 2.61924141732, 2.44788807087
M3, -7.53271389764, 2.63778716535, 2.46283913386
M3, -7.50077795276, 2.65638334646, 2.47638732283
M3, -7.46830377953, 2.67499397638, 2.48856913386
M3, -7.43536401575, 2.69354811024, 2.49952783465
M3, -7.40200795276, 2.71201307087, 2.50931598425
M3, -7.3682842126, 2.73032543307, 2.51807444882
M3, -7.33424748031, 2.74849358268, 2.52587685039
M3, -7.29992425197, 2.76646622047, 2.53282984252
M3, -7.26532822835, 2.78422740157, 2.53892133858
M3, -7.23050393701, 2.80177708661, 2.54427811024
M3, -7.19551688976, 2.81906818898, 2.54941685039
M3, -7.16032314961, 2.83611208661, 2.55393322835
M3, -7.12498582677, 2.85290814961, 2.55825102362
M3, -7.08946527559, 2.86941137795, 2.56217685039
M3, -7.05381740157, 2.88569051181, 2.56588283465
M3, -7.01800850394, 2.90169062992, 2.56922354331
M3, -6.98204940945, 2.91742791339, 2.57218637795
M3, -6.94598279528, 2.93291767717, 2.57514444882
M3, -6.90979484252, 2.94812031496, 2.57811267717
M3, -6.87349275591, 2.96305830709, 2.58103437008
M3, -6.83708011811, 2.97779232283, 2.58358062992
M3, -6.80051547244, 2.99219716535, 2.58582799213
M3, -6.76386496063, 3.00638633858, 2.58804472441
M3, -6.72711830709, 3.02032259843, 2.59026744094
M3, -6.69028153543, 3.03402338583, 2.59247007874
M3, -6.65331681102, 3.04741897638, 2.59438102362
M3, -6.61626318898, 3.06061901575, 2.59589968504
M3, -6.57911885827, 3.07356976378, 2.59733366142
M3, -6.5418880315, 3.08627031496, 2.59877031496
M3, -6.50457728346, 3.09873326772, 2.60020968504
M3, -6.46719204724, 3.11097153543, 2.60165208661
M3, -6.42973771654, 3.12299685039, 2.60309685039
M3, -6.39221551181, 3.1348073622, 2.60454795276
M3, -6.35462003937, 3.14638244094, 2.60600141732
M3, -6.31695543307, 3.15773188976, 2.6074353937
M3, -6.27923318898, 3.16890145669, 2.60877204724
M3, -6.24144547244, 3.17986586614, 2.609945
M3, -6.20358023622, 3.19057913386, 2.61092059055
M3, -6.16566035433, 3.20111133858, 2.61173370079
M3, -6.1276942126, 3.21147980315, 2.61247291339
M3, -6.08967216535, 3.22164251969, 2.61320791339
M3, -6.05158767717, 3.23156972441, 2.61394409449
M3, -6.01345814961, 3.24132153543, 2.61468122047
M3, -5.97528472441, 3.25090031496, 2.6154192126
M3, -5.93705964567, 3.26027125984, 2.61615814961
M3, -5.89878291339, 3.2694280315, 2.61689374016
M3, -5.86046956693, 3.27843614173, 2.61756897638
M3, -5.82211771654, 3.28728744094, 2.61809523622
M3, -5.78371905512, 3.29594377953, 2.61842082677
M3, -5.74527590551, 3.30440673228, 2.6186073622
M3, -5.70680031496, 3.31271913386, 2.61873141732
M3, -5.66829169291, 3.32087901575, 2.61883503937
M3, -5.62974405512, 3.32885291339, 2.61892814961
M3, -5.59115854331, 3.33664059055, 2.61902035433
M3, -5.55254716535, 3.3442988189, 2.61911255906
M3, -5.5139088189, 3.35182070866, 2.61920480315
M3, -5.47524220472, 3.35919507874, 2.61929700787
M3, -5.43654555118, 3.36641177165, 2.61938952756
M3, -5.39781885827, 3.37346594488, 2.61948173228
M3, -5.35906933071, 3.38039279528, 2.61957425197
M3, -5.32029818898, 3.38719496063, 2.61966704724
M3, -5.28150425197, 3.3938673622, 2.61975956693
M3, -5.24268685039, 3.40040492126, 2.6198523622
M3, -5.20384661417, 3.40680311024, 2.6199457874
M3, -5.1649865748, 3.41307964567, 2.62005062992
M3, -5.12611027559, 3.41925374016, 2.62013531496
M3, -5.08721779528, 3.42532779528, 2.62012330709
M3, -5.04830547244, 3.43126641732, 2.61990192913
M3, -5.00937452756, 3.43707708661, 2.61956070866
M3, -4.97042826772, 3.44278440945, 2.61920086614
M3, -4.93146972441, 3.44840551181, 2.61883925197
M3, -4.89249791339, 3.45393413386, 2.61845834646
M3, -4.8535126378, 3.45936452756, 2.61804055118
M3, -4.8145138189, 3.46469007874, 2.61756807087
M3, -4.77550326772, 3.46991980315, 2.61698716535
M3, -4.73648523622, 3.4750576378, 2.61615362205
M3, -4.69745846457, 3.48011917323, 2.61525043307
M3, -4.65842027559, 3.48509, 2.61434688976
M3, -4.61937279528, 3.4899884252, 2.61344338583
M3, -4.58031783465, 3.49482409449, 2.61253929134
M3, -4.54125322835, 3.49958283465, 2.61163547244
M3, -4.50217901575, 3.50426200787, 2.61073106299
M3, -4.46309547244, 3.50886397638, 2.60982665354
M3, -4.42400354331, 3.51339114173, 2.60892192913
M3, -4.38490291339, 3.51784653543, 2.60801688976
M3, -4.34579562992, 3.52223885827, 2.60711188976
M3, -4.30668177165, 3.526575, 2.60620688976
M3, -4.26756188976, 3.5308573622, 2.60530125984
M3, -4.22843661417, 3.53508716535, 2.60439594488
M3, -4.18930594488, 3.53926681102, 2.60349031496
M3, -4.15016984252, 3.54339779528, 2.60258472441
M3, -4.11102893701, 3.54748251969, 2.6016788189
M3, -4.07188354331, 3.55152251969, 2.60077287402
M3, -4.03273393701, 3.55551984252, 2.5998669685
M3, -3.99357984252, 3.55947598425, 2.59896074803
M3, -3.95442153543, 3.56338952756, 2.59805452756
M3, -3.91525779528, 3.56724925197, 2.5971480315
M3, -3.87609074803, 3.57107145669, 2.59624181102
M3, -3.83691862205, 3.57484622047, 2.59533527559
M3, -3.79774468504, 3.57859905512, 2.59442846457
M3, -3.75865003937, 3.58305771654, 2.59352377953
M3, -3.71977559055, 3.58917897638, 2.59262417323
M3, -3.68091224409, 3.59537110236, 2.59172484252
M3, -3.64204917323, 3.60156322835, 2.59082523622
M3, -3.60318582677, 3.60775535433, 2.58992594488
