-13.0000004724, 2.15000003937, 3.50000007874
13.0000004724, 2.15000003937, 3.50000007874
-13.0000004724, 2.15000003937, 3.50000007874
13.0000004724, 2.15000003937, 3.50000007874
3.67017519685, 1.0795853937, 2.71669433071
3.60103307087, 1.07573102362, 3.14046393701
3.60103307087, 1.07573102362, 3.14046393701
3.67017519685, 1.0795853937, 2.71669433071
-12.9606580315, 2.15000003937, 3.50000007874
-12.921316811, 2.15000003937, 3.50000007874
-12.8819755512, 2.15000015748, 3.50000007874
-12.8426342913, 2.15000015748, 3.50000007874
-12.8032930709, 2.15000015748, 3.50000007874
-12.763951811, 2.15000015748, 3.50000007874
-12.7246093701, 2.15000031496, 3.50000007874
-12.6852681496, 2.15000031496, 3.50000007874
-12.6459268898, 2.15000031496, 3.50000007874
-12.6065856299, 2.15000047244, 3.50000007874
-12.5672444094, 2.15000047244, 3.50000007874
-12.5279019685, 2.15000047244, 3.50000007874
-12.4885607087, 2.15000047244, 3.50000007874
-12.4492194882, 2.15000062992, 3.50000007874
-12.4098782283, 2.15000062992, 3.50000007874
-12.3705369685, 2.15000062992, 3.50000007874
-12.3311945276, 2.15000062992, 3.50000007874
-12.2918533071, 2.1500007874, 3.50000007874
-12.2525120472, 2.1500007874, 3.50000007874
-12.2131708268, 2.1500007874, 3.50000007874
-12.1738295669, 2.1500007874, 3.50000007874
-12.1344883071, 2.15000090551, 3.50000007874
-12.0951458661, 2.15000090551, 3.50000007874
-12.0558046457, 2.15000090551, 3.50000007874
-12.0164633858, 2.15000106299, 3.50000007874
-11.9771221654, 2.15000106299, 3.50000007874
-11.9377809055, 2.15000106299, 3.50000007874
-11.8984384646, 2.15000106299, 3.50000007874
-11.8590972047, 2.15000122047, 3.50000007874
-11.8197559843, 2.15000122047, 3.50000007874
-11.7804147244, 2.15000122047, 3.50000007874
-11.7410735039, 2.15000122047, 3.50000007874
-11.7017322441, 2.15000137795, 3.50000007874
-11.6623898031, 2.15000137795, 3.50000007874
-11.6230485433, 2.15000137795, 3.50000007874
-11.5837073228, 2.15000137795, 3.50000007874
-11.544366063, 2.15000153543, 3.50000007874
-11.5050248425, 2.15000153543, 3.50000007874
-11.4656824016, 2.15000153543, 3.50000007874
-11.4263411417, 2.15000169291, 3.50000007874
-11.3869998819, 2.15000169291, 3.50000007874
-11.3476586614, 2.15000169291, 3.50000007874
-11.3083174016, 2.15000169291, 3.50000007874
-11.2689761811, 2.15000181102, 3.50000007874
-11.2296337402, 2.15000181102, 3.50000007874
-11.1902924803, 2.15000181102, 3.50000007874
-11.1509512205, 2.15000181102, 3.50000007874
-11.11161, 2.1500019685, 3.50000007874
-11.0722687402, 2.1500019685, 3.50000007874
-11.0329262992, 2.1500019685, 3.50000007874
-10.9935850787, 2.15000212598, 3.50000007874
-10.9542438189, 2.15000212598, 3.50000007874
-10.9149025591, 2.15000212598, 3.50000007874
-10.8755613386, 2.15000212598, 3.50000007874
-10.8362200787, 2.15000228346, 3.50000007874
-10.7968776378, 2.15000228346, 3.50000007874
-10.7575364173, 2.15000228346, 3.50000007874
-10.7181951575, 2.15000228346, 3.50000007874
-10.6788538976, 2.15000244094, 3.50000007874
-10.6395126772, 2.15000244094, 3.50000007874
-10.6001702362, 2.15000244094, 3.50000007874
-10.5608289764, 2.15000244094, 3.50000007874
-10.5214877559, 2.15000255906, 3.50000007874
-10.4821464961, 2.15000255906, 3.50000007874
-10.4428052362, 2.15000255906, 3.50000007874
-10.4034640157, 2.15000271654, 3.50000007874
-10.3641215748, 2.15000271654, 3.50000007874
-10.324780315, 2.15000271654, 3.50000007874
-10.2854390945, 2.15000271654, 3.50000007874
-10.2460978346, 2.15000287402, 3.50000007874
-10.2067565748, 2.15000287402, 3.50000007874
-10.1674141339, 2.15000287402, 3.50000007874
-10.1280729134, 2.15000287402, 3.50000007874
-10.0887316535, 2.1500030315, 3.50000007874
-10.0493904331, 2.1500030315, 3.50000007874
-10.0100485827, 2.1500030315, 3.50000007874
-9.97070732283, 2.1500030315, 3.50000007874
-9.93136610236, 2.15000318898, 3.50000007874
-9.89202425197, 2.15000318898, 3.50000007874
-9.85268299213, 2.15000318898, 3.50000007874
-9.81334177165, 2.15000334646, 3.50000007874
-9.77399992126, 2.15000334646, 3.50000007874
-9.73465866142, 2.15000334646, 3.50000007874
-9.69531681102, 2.15000334646, 3.50000007874
-9.65597559055, 2.15000346457, 3.50000007874
-9.61663433071, 2.15000346457, 3.50000007874
-9.57729248031, 2.15000346457, 3.50000007874
-9.53795125984, 2.15000346457, 3.50000007874
-9.49861, 2.15000362205, 3.50000007874
-9.45926814961, 2.15000362205, 3.50000007874
-9.41992692913, 2.15000362205, 3.50000007874
-9.38058507874, 2.15000377953, 3.50000007874
-9.3412438189, 2.15000377953, 3.50000007874
-9.30190259843, 2.15000377953, 3.50000007874
-9.26256074803, 2.15000377953, 3.50000007874
-9.22321948819, 2.15000393701, 3.50000007874
-9.18387826772, 2.15000393701, 3.50000007874
-9.14453641732, 2.15000393701, 3.50000007874
-9.10519515748, 2.15000393701, 3.50000007874
-9.06585393701, 2.15000409449, 3.50000007874
-9.02651208661, 2.15000409449, 3.50000007874
-8.98717082677, 2.15000409449, 3.50000007874
-8.94782901575, 2.15000409449, 3.50000007874
-8.90848775591, 2.1500042126, 3.50000007874
-8.86914649606, 2.1500042126, 3.50000007874
-8.82980468504, 2.1500042126, 3.50000007874
-8.7904634252, 2.15000437008, 3.50000007874
-8.75112216535, 2.15000437008, 3.50000007874
-8.71178035433, 2.15000437008, 3.50000007874
-8.67243909449, 2.15000437008, 3.50000007874
-8.63368177165, 2.14619732283, 3.50000007874
-8.59680897638, 2.13248393701, 3.50000007874
-8.56022692913, 2.11801137795, 3.50000007874
-8.52399933071, 2.10267480315, 3.50000007874
-8.4881615748, 2.08644748031, 3.50000007874
-8.45270653543, 2.06940070866, 3.50000007874
-8.41757464567, 2.05169527559, 3.50000007874
-8.38267287402, 2.0335407874, 3.50000007874
-8.34791527559, 2.01511098425, 3.50000007874
-8.31316850394, 1.99666090551, 3.50000007874
-8.27840610236, 1.97823968504, 3.50000007874
-8.24361185039, 1.95987925197, 3.50000007874
-8.20874433071, 1.94165807087, 3.50000007874
-8.17389122047, 1.92340956693, 3.50000007874
-8.13912098425, 1.90500334646, 3.50000007874
-8.10441566929, 1.8864757874, 3.50000007874
-8.06971153543, 1.8679446063, 3.50000007874
-8.03500559055, 1.84941795276, 3.50000007874
-8.00029905512, 1.83089204724, 3.50000007874
-7.96554326772, 1.81245925197, 3.50000007874
-7.93072559055, 1.79414251969, 3.50000007874
-7.89583822835, 1.77595980315, 3.50000007874
-7.8608715748, 1.75793055118, 3.50000007874
-7.82582019685, 1.74006531496, 3.50000007874
-7.79065590551, 1.72242413386, 3.50000007874
-7.75538527559, 1.70499637795, 3.50000007874
-7.72000409449, 1.68779358268, 3.50000007874
-7.68450338583, 1.6708403937, 3.50000007874
-7.64888795276, 1.65412811024, 3.50000007874
-7.61314751969, 1.63768496063, 3.50000007874
-7.57728818898, 1.62150330709, 3.50000007874
-7.54130866142, 1.60559059055, 3.50000007874
-7.50520181102, 1.58996929134, 3.50000007874
-7.46898259843, 1.57461062992, 3.50000007874
-7.43263724409, 1.55955098425, 3.50000007874
-7.39617413386, 1.54478074803, 3.50000007874
-7.35960110236, 1.53028366142, 3.50000007874
-7.32291275591, 1.51608220472, 3.50000007874
-7.28610783465, 1.50218484252, 3.50000007874
-7.24919775591, 1.48856814961, 3.50000007874
-7.2121861811, 1.47523173228, 3.50000007874
-7.17507129921, 1.46218472441, 3.50000007874
-7.13785185039, 1.44943791339, 3.50000007874
-7.10053511811, 1.43697964567, 3.50000007874
-7.06312645669, 1.4248003937, 3.50000007874
-7.02562889764, 1.41289913386, 3.50000007874
-6.9880442126, 1.40127468504, 3.50000007874
-6.95037543307, 1.3899257874, 3.50000007874
-6.91262433071, 1.37885204724, 3.50000007874
-6.87479452756, 1.36805255906, 3.50000007874
-6.83688787402, 1.35752370079, 3.50000007874
-6.79890850394, 1.34726185039, 3.50000007874
-6.76085885827, 1.33726299213, 3.50000007874
-6.72274192913, 1.32752350394, 3.50000007874
-6.68456070866, 1.31803992126, 3.50000007874
-6.64631759843, 1.30880925197, 3.50000007874
-6.60801503937, 1.29982850394, 3.50000007874
-6.5696553937, 1.29109464567, 3.50000007874
-6.53124051181, 1.28260543307, 3.50000007874
-6.49277334646, 1.27435818898, 3.50000007874
-6.45425933071, 1.26633291339, 3.50000007874
-6.41569901575, 1.25853141732, 3.50000007874
-6.37709488189, 1.25094858268, 3.50000007874
-6.33844933071, 1.24358251969, 3.50000007874
-6.29976346457, 1.23643125984, 3.50000007874
-6.26103858268, 1.22949240157, 3.50000007874
-6.22227704724, 1.22276374016, 3.50000007874
-6.18348007874, 1.21624248031, 3.50000007874
-6.14464885827, 1.20992606299, 3.50000007874
-6.10578523622, 1.20381169291, 3.50000007874
-6.06689153543, 1.19789649606, 3.50000007874
-6.02796779528, 1.19217767717, 3.50000007874
-5.98901641732, 1.18665220472, 3.50000007874
-5.9500380315, 1.18131720472, 3.50000007874
-5.911035, 1.17616952756, 3.50000007874
-5.87200795276, 1.17120606299, 3.50000007874
-5.83295866142, 1.16642358268, 3.50000007874
-5.79388775591, 1.16181877953, 3.50000007874
-5.75479641732, 1.15738830709, 3.50000007874
-5.71568645669, 1.15312885827, 3.50000007874
-5.67655850394, 1.14903681102, 3.50000007874
-5.63741370079, 1.14510889764, 3.50000007874
-5.59825267717, 1.14134149606, 3.50000007874
-5.55907724409, 1.13773114173, 3.50000007874
-5.51988795276, 1.13427425197, 3.50000007874
-5.48068610236, 1.13096732283, 3.50000007874
-5.44147161417, 1.12780677165, 3.50000007874
-5.40224629921, 1.12478901575, 3.50000007874
-5.36301019685, 1.12191066929, 3.50000007874
-5.32376448819, 1.1191684252, 3.50000007874
-5.28450972441, 1.11655909449, 3.50000007874
-5.2452465748, 1.11407956693, 3.50000007874
-5.20597503937, 1.11172661417, 3.50000007874
-5.16669685039, 1.1094969685, 3.50000007874
-5.12741208661, 1.10738732283, 3.50000007874
-5.08812129921, 1.10539377953, 3.50000007874
-5.04882511811, 1.10351232283, 3.50000007874
-5.00952354331, 1.10173933071, 3.50000007874
-4.97021744094, 1.10007141732, 3.50000007874
-4.93090712598, 1.09850547244, 3.50000007874
-4.89159291339, 1.09703807087, 3.50000007874
-4.8522753937, 1.09566629921, 3.50000007874
-4.81295488189, 1.09438740157, 3.50000007874
-4.77363137795, 1.0932003937, 3.50000007874
-4.73430511811, 1.09210397638, 3.50000007874
-4.69497649606, 1.09109488189, 3.50000007874
-4.65564606299, 1.09016795276, 3.50000007874
-4.61631385827, 1.08931870079, 3.50000007874
-4.57698011811, 1.08854452756, 3.50000007874
-4.53764488189, 1.08784271654, 3.50000007874
-4.4983084252, 1.08721102362, 3.50000007874
-4.4589707874, 1.08665055118, 3.50000007874
-4.41963255906, 1.08616062992, 3.50000007874
-4.3802934252, 1.08573574803, 3.50000007874
-4.34095366142, 1.08537059055, 3.50000007874
-4.30161334646, 1.0850626378, 3.50000007874
-4.26227267717, 1.08481661417, 3.50000007874
-4.22293145669, 1.08464917323, 3.50000007874
-4.18359051181, 1.08448531496, 3.50000007874
-4.14424897638, 1.08441015748, 3.50000007874
-4.10490771654, 1.08436661417, 3.50000007874
-4.0655661811, 1.08435901575, 3.50000007874
-4.02622464567, 1.08442704724, 3.50000007874
-3.98688338583, 1.08450055118, 3.50000007874
-3.94754212598, 1.08464877953, 3.50000007874
-3.90820122047, 1.08482188976, 3.50000007874
-3.86886027559, 1.08502102362, 3.50000007874
-3.8295196063, 1.08528503937, 3.50000007874
-3.79017897638, 1.0855165748, 3.50000007874
-3.7508665748, 1.08416901575, 3.50000007874
-3.71158598425, 1.08197925197, 3.50000007874
-3.67230574803, 1.07978956693, 3.50000007874
-3.63302515748, 1.07759988189, 3.50000007874
-3.5937446063, 1.07541007874, 3.50000007874
-3.55446433071, 1.0732203937, 3.50000007874
-3.51518374016, 1.07103070866, 3.50000007874
-3.47590318898, 1.06884094488, 3.50000007874
-3.4366226378, 1.06665122047, 3.50000007874
-3.3973423622, 1.06446153543, 3.50000007874
-3.35806177165, 1.06227177165, 3.50000007874
-3.31878122047, 1.06008208661, 3.50000007874
-3.27950094488, 1.0578923622, 3.50000007874
-3.2402203937, 1.05570259843, 3.50000007874
-3.20093980315, 1.05351291339, 3.50000007874
-3.16165952756, 1.05132318898, 3.50000007874
-3.12340594488, 1.04321673228, 3.50000007874
-3.0863646063, 1.03002759843, 3.50000007874
-3.04866070866, 1.01881440945, 3.50000007874
-3.01055216535, 1.00904929134, 3.50000007874
-2.97224271654, 1.00010031496, 3.50000007874
-2.93379566929, 0.991760826772, 3.50000007874
-2.89525940945, 0.983843858268, 3.50000007874
-2.85665858268, 0.976247204724, 3.50000007874
-2.81799555118, 0.968972913386, 3.50000007874
-2.77928838583, 0.961936496063, 3.50000007874
-2.74055240157, 0.955061496063, 3.50000007874
-2.70179177165, 0.948325551181, 3.50000007874
-2.66300952756, 0.941717125984, 3.50000007874
-2.62420685039, 0.935226889764, 3.50000007874
-2.58538614173, 0.928848503937, 3.50000007874
-2.54654771654, 0.922576653543, 3.50000007874
-2.50769322835, 0.916406062992, 3.50000007874
-2.46882354331, 0.910332165354, 3.50000007874
-2.42993917323, 0.904352440945, 3.50000007874
-2.39103811024, 0.898482401575, 3.50000007874
-2.35212102362, 0.89271988189, 3.50000007874
-2.31319082677, 0.887046062992, 3.50000007874
-2.27424771654, 0.881461417323, 3.50000007874
-2.23528720472, 0.876000472441, 3.50000007874
-2.19631271654, 0.870639251969, 3.50000007874
-2.15732692913, 0.865361220472, 3.50000007874
-2.1183242126, 0.860209645669, 3.50000007874
-2.07930692913, 0.855170590551, 3.50000007874
-2.0402788189, 0.850214251969, 3.50000007874
-2.00123330709, 0.845398267717, 3.50000007874
-1.96217393701, 0.840695984252, 3.50000007874
-1.92310393701, 0.836082952756, 3.50000007874
-1.88401484252, 0.831633503937, 3.50000007874
-1.84491688976, 0.827263976378, 3.50000007874
-1.80580228346, 0.82304488189, 3.50000007874
-1.76667326772, 0.818962874016, 3.50000007874
-1.7275292126, 0.815025905512, 3.50000007874
-1.68837149606, 0.811228031496, 3.50000007874
-1.64920027559, 0.807573346457, 3.50000007874
-1.6100146063, 0.804076023622, 3.50000007874
-1.57081409449, 0.800748267717, 3.50000007874
-1.53160019685, 0.797584251969, 3.50000007874
-1.49237295276, 0.794589055118, 3.50000007874
-1.45313204724, 0.791779094488, 3.50000007874
-1.41387700787, 0.789173149606, 3.50000007874
-1.37460933071, 0.786764566929, 3.50000007874
-1.33532980315, 0.78456023622, 3.50000007874
-1.29603783465, 0.782587165354, 3.50000007874
-1.25673429134, 0.780863346457, 3.50000007874
-1.21742082677, 0.779381181102, 3.50000007874
-1.17809834646, 0.778161377953, 3.50000007874
-1.1387688189, 0.777193346457, 3.50000007874
-1.09943480315, 0.776432283465, 3.50000007874
-1.06009708661, 0.775886968504, 3.50000007874
-1.02075704724, 0.775564133858, 3.50000007874
-0.981415787402, 0.775465472441, 3.50000007874
-0.942074645669, 0.775590669291, 3.50000007874
-0.902734724409, 0.775938858268, 3.50000007874
-0.863397637795, 0.77651984252, 3.50000007874
-0.82406480315, 0.777340905512, 3.50000007874
-0.784736850394, 0.778368031496, 3.50000007874
-0.74541503937, 0.779610354331, 3.50000007874
-0.706100393701, 0.781061141732, 3.50000007874
-0.666790590551, 0.782638149606, 3.50000007874
-0.627486574803, 0.784353779528, 3.50000007874
-0.588182559055, 0.78607011811, 3.50000007874
-0.548878346457, 0.787781692913, 3.50000007874
-0.509568385827, 0.78935519685, 3.50000007874
-0.470248976378, 0.790665629921, 3.50000007874
-0.430917007874, 0.791516496063, 3.50000007874
-0.391576653543, 0.791709685039, 3.50000007874
-0.352242322835, 0.791012559055, 3.50000007874
-0.312926968504, 0.789590511811, 3.50000007874
-0.27364011811, 0.78753003937, 3.50000007874
-0.234401889764, 0.784693897638, 3.50000007874
-0.19524515748, 0.780898503937, 3.50000007874
-0.156209094488, 0.776015826772, 3.50000007874
-0.117302795276, 0.770184212598, 3.50000007874
-0.0783988582677, 0.764337165354, 3.50000007874
-0.0393156692913, 0.759886181102, 3.50000007874
-3.5157480315e-05, 0.757817007874, 3.50000007874
0.0392456299213, 0.759879645669, 3.50000007874
0.0783292519685, 0.764326850394, 3.50000007874
0.117233307087, 0.770172716535, 3.50000007874
0.156139448819, 0.776005708661, 3.50000007874
0.195175275591, 0.78089015748, 3.50000007874
0.234331811024, 0.784687519685, 3.50000007874
0.27356992126, 0.787525472441, 3.50000007874
0.312856692913, 0.789587125984, 3.50000007874
0.352171968504, 0.79101023622, 3.50000007874
0.391506338583, 0.791709251969, 3.50000007874
0.430846692913, 0.791517677165, 3.50000007874
0.470178661417, 0.790667795276, 3.50000007874
0.509498110236, 0.789358188976, 3.50000007874
0.548808070866, 0.78778492126, 3.50000007874
0.588112283465, 0.786073346457, 3.50000007874
0.627416299213, 0.784357086614, 3.50000007874
0.666720314961, 0.782641377953, 3.50000007874
0.70603011811, 0.781064055118, 3.50000007874
0.74534476378, 0.779612992126, 3.50000007874
0.784666496063, 0.77837011811, 3.50000007874
0.823994527559, 0.777342716535, 3.50000007874
0.863327322835, 0.776521220472, 3.50000007874
0.902664448819, 0.775939606299, 3.50000007874
0.942004251969, 0.775591102362, 3.50000007874
0.981345433071, 0.775465551181, 3.50000007874
1.02068669291, 0.775563858268, 3.50000007874
1.06002681102, 0.775886220472, 3.50000007874
1.09936444882, 0.776431102362, 3.50000007874
1.13869854331, 0.777191771654, 3.50000007874
1.17802807087, 0.778159330709, 3.50000007874
1.21735055118, 0.779378543307, 3.50000007874
1.25666401575, 0.780860275591, 3.50000007874
1.29596755906, 0.782583700787, 3.50000007874
1.33525952756, 0.784556181102, 3.50000007874
1.3745392126, 0.78676011811, 3.50000007874
1.41380669291, 0.789168425197, 3.50000007874
1.45306173228, 0.791773976378, 3.50000007874
1.49230279528, 0.794583425197, 3.50000007874
1.53153007874, 0.797578425197, 3.50000007874
1.57074409449, 0.800742125984, 3.50000007874
1.60994448819, 0.804069566929, 3.50000007874
1.64913027559, 0.807566456693, 3.50000007874
1.68830149606, 0.811220905512, 3.50000007874
1.7274592126, 0.815018543307, 3.50000007874
1.76660326772, 0.818955275591, 3.50000007874
1.80573232283, 0.823036929134, 3.50000007874
1.84484692913, 0.827255787402, 3.50000007874
1.883945, 0.83162503937, 3.50000007874
1.92303409449, 0.836074330709, 3.50000007874
1.96210409449, 0.840687204724, 3.50000007874
2.00116362205, 0.845389094488, 3.50000007874
2.04020913386, 0.850205, 3.50000007874
2.07923708661, 0.855161102362, 3.50000007874
2.11825452756, 0.86019988189, 3.50000007874
2.15725724409, 0.865351299213, 3.50000007874
2.19624314961, 0.870629094488, 3.50000007874
2.23521751969, 0.87599011811, 3.50000007874
2.27417818898, 0.881450905512, 3.50000007874
2.31312129921, 0.887035393701, 3.50000007874
2.35205145669, 0.892709015748, 3.50000007874
2.39096858268, 0.898471220472, 3.50000007874
2.42986964567, 0.904341181102, 3.50000007874
2.46875401575, 0.910320748031, 3.50000007874
2.5076238189, 0.916394448819, 3.50000007874
2.54647834646, 0.92256480315, 3.50000007874
2.58531677165, 0.928836338583, 3.50000007874
2.62413775591, 0.935214566929, 3.50000007874
2.66294015748, 0.941704566929, 3.50000007874
2.70172267717, 0.948312795276, 3.50000007874
2.7404830315, 0.955048503937, 3.50000007874
2.77921933071, 0.961923307087, 3.50000007874
2.81792649606, 0.968959330709, 3.50000007874
2.85658948819, 0.976233149606, 3.50000007874
2.89519031496, 0.983829055118, 3.50000007874
2.93372688976, 0.991745354331, 3.50000007874
2.9721742126, 1.00008409449, 3.50000007874
3.01048397638, 1.0090315748, 3.50000007874
3.04859311024, 1.01879464567, 3.50000007874
3.08629822835, 1.03000409449, 3.50000007874
3.12340232283, 1.04299846457, 3.50000007874
3.16166074803, 1.05123791339, 3.50000007874
3.20094129921, 1.05342759843, 3.50000007874
3.2402215748, 1.05561728346, 3.50000007874
3.27950216535, 1.05780704724, 3.50000007874
3.31878271654, 1.05999677165, 3.50000007874
3.35806299213, 1.06218645669, 3.50000007874
3.39734354331, 1.06437622047, 3.50000007874
3.43662413386, 1.06656594488, 3.50000007874
3.47590468504, 1.06875562992, 3.50000007874
3.51518496063, 1.0709453937, 3.50000007874
3.55446551181, 1.07313507874, 3.50000007874
3.59374610236, 1.07532480315, 3.50000007874
3.63302637795, 1.07751456693, 3.50000007874
3.67230692913, 1.07970425197, 3.50000007874
3.71158751969, 1.08189393701, 3.50000007874
3.75086775591, 1.08408374016, 3.50000007874
3.79017775591, 1.0855123622, 3.50000007874
3.82951870079, 1.08529547244, 3.50000007874
3.86885905512, 1.0850307874, 3.50000007874
3.9082, 1.08482862205, 3.50000007874
3.94754125984, 1.08465555118, 3.50000007874
3.98688220472, 1.08450444882, 3.50000007874
4.02622374016, 1.08442976378, 3.50000007874
4.06556527559, 1.0843611811, 3.50000007874
4.10490653543, 1.08436488189, 3.50000007874
4.14424807087, 1.0844084252, 3.50000007874
4.18358929134, 1.08448, 3.50000007874
4.22293055118, 1.0846426378, 3.50000007874
4.26227177165, 1.08481, 3.50000007874
4.30161244094, 1.08505228346, 3.50000007874
4.34095248031, 1.08535744094, 3.50000007874
4.38029251969, 1.08571984252, 3.50000007874
4.41963165354, 1.08614192913, 3.50000007874
4.45896988189, 1.08663011811, 3.50000007874
4.49830751969, 1.08718877953, 3.50000007874
4.53764397638, 1.08781755906, 3.50000007874
4.5769792126, 1.08851614173, 3.50000007874
4.61631295276, 1.0892869685, 3.50000007874
4.65564547244, 1.0901326378, 3.50000007874
4.69497622047, 1.09105614173, 3.50000007874
4.73430452756, 1.09206244094, 3.50000007874
4.77363074803, 1.09315637795, 3.50000007874
4.81295456693, 1.09434059055, 3.50000007874
4.8522753937, 1.09561582677, 3.50000007874
4.89159291339, 1.09698354331, 3.50000007874
4.93090712598, 1.09844665354, 3.50000007874
4.97021771654, 1.10000834646, 3.50000007874
5.0095238189, 1.10167173228, 3.50000007874
5.04882570866, 1.10344023622, 3.50000007874
5.08812192913, 1.10531700787, 3.50000007874
5.12741330709, 1.10730614173, 3.50000007874
5.16669866142, 1.10941173228, 3.50000007874
5.20597685039, 1.11163724409, 3.50000007874
5.24524838583, 1.11398598425, 3.50000007874
5.28451153543, 1.11646110236, 3.50000007874
5.32376688976, 1.1190657874, 3.50000007874
5.36301318898, 1.12180287402, 3.50000007874
5.40224933071, 1.12467586614, 3.50000007874
5.44147519685, 1.12768795276, 3.50000007874
5.48068968504, 1.13084275591, 3.50000007874
5.51989275591, 1.1341438189, 3.50000007874
5.5590826378, 1.13759468504, 3.50000007874
5.59825866142, 1.14119889764, 3.50000007874
5.63741968504, 1.14496003937, 3.50000007874
5.67656507874, 1.14888161417, 3.50000007874
5.71569366142, 1.15296708661, 3.50000007874
5.75480484252, 1.15722003937, 3.50000007874
5.79389677165, 1.16164374016, 3.50000007874
5.83296826772, 1.16624177165, 3.50000007874
5.87201877953, 1.1710173622, 3.50000007874
5.91104641732, 1.17597377953, 3.50000007874
5.95005066929, 1.18111437008, 3.50000007874
5.98902964567, 1.18644220472, 3.50000007874
6.02798220472, 1.19196027559, 3.50000007874
6.06690653543, 1.19767173228, 3.50000007874
6.10580204724, 1.20357940945, 3.50000007874
6.14466688976, 1.20968614173, 3.50000007874
6.18349870079, 1.21599468504, 3.50000007874
6.22229748031, 1.22250775591, 3.50000007874
6.26106082677, 1.22922799213, 3.50000007874
6.29978688976, 1.23615814961, 3.50000007874
6.33847452756, 1.24330047244, 3.50000007874
6.37712192913, 1.25065751969, 3.50000007874
6.41572787402, 1.2582311811, 3.50000007874
6.45428937008, 1.26602354331, 3.50000007874
6.4928057874, 1.27403905512, 3.50000007874
6.53127476378, 1.28227850394, 3.50000007874
6.56969145669, 1.29075929134, 3.50000007874
6.60805287402, 1.29948444882, 3.50000007874
6.64635787402, 1.3084561811, 3.50000007874
6.68460334646, 1.31767740157, 3.50000007874
6.7227869685, 1.32715106299, 3.50000007874
6.76090629921, 1.33688031496, 3.50000007874
6.79895897638, 1.34686854331, 3.50000007874
6.83694133858, 1.35711956693, 3.50000007874
6.87485043307, 1.36763685039, 3.50000007874
6.91268440945, 1.37842464567, 3.50000007874
6.95043850394, 1.38948681102, 3.50000007874
6.98811027559, 1.40082531496, 3.50000007874
7.02569795276, 1.41244003937, 3.50000007874
7.06319913386, 1.42433149606, 3.50000007874
7.10061082677, 1.43650114173, 3.50000007874
7.13793055118, 1.44894952756, 3.50000007874
7.1751542126, 1.46168279528, 3.50000007874
7.21227448819, 1.47471570866, 3.50000007874
7.24928968504, 1.48804251969, 3.50000007874
7.28620275591, 1.50165003937, 3.50000007874
7.32301185039, 1.51553700787, 3.50000007874
7.35970625984, 1.52972287402, 3.50000007874
7.39628287402, 1.54421031496, 3.50000007874
7.43275019685, 1.55897200787, 3.50000007874
7.46910094488, 1.57401692913, 3.50000007874
7.50532496063, 1.58936566929, 3.50000007874
7.54143543307, 1.60497862205, 3.50000007874
7.57742153543, 1.6208765748, 3.50000007874
7.61328389764, 1.63705074803, 3.50000007874
7.64903031496, 1.65348082677, 3.50000007874
7.68464937008, 1.67018559055, 3.50000007874
7.72015610236, 1.68712692913, 3.50000007874
7.75554027559, 1.70432295276, 3.50000007874
7.79081629921, 1.72173972441, 3.50000007874
7.82598362205, 1.73937519685, 3.50000007874
7.86103795276, 1.75723397638, 3.50000007874
7.8960088189, 1.77525511811, 3.50000007874
7.93089980315, 1.79343094488, 3.50000007874
7.96571988189, 1.81174224409, 3.50000007874
8.00047866142, 1.83017055118, 3.50000007874
8.03518519685, 1.84869614173, 3.50000007874
8.06989114173, 1.86722283465, 3.50000007874
8.10459527559, 1.88575397638, 3.50000007874
8.1393, 1.90428318898, 3.50000007874
8.17406720472, 1.92269484252, 3.50000007874
8.20891795276, 1.94094814961, 3.50000007874
8.24378665354, 1.95916665354, 3.50000007874
8.27858330709, 1.97752255906, 3.50000007874
8.31334633858, 1.99594212598, 3.50000007874
8.34809311024, 2.01439220472, 3.50000007874
8.38284708661, 2.03282858268, 3.50000007874
8.41774165354, 2.05099720472, 3.50000007874
8.45286271654, 2.06872370079, 3.50000007874
8.48830515748, 2.08579775591, 3.50000007874
8.52412846457, 2.10205708661, 3.50000007874
8.56034165354, 2.11742732283, 3.50000007874
8.59690988189, 2.13193291339, 3.50000007874
8.63377307087, 2.14567393701, 3.50000007874
8.67243909449, 2.15000437008, 3.50000007874
8.71178035433, 2.15000437008, 3.50000007874
8.75112216535, 2.15000437008, 3.50000007874
8.7904634252, 2.15000437008, 3.50000007874
8.82980468504, 2.1500042126, 3.50000007874
8.86914649606, 2.1500042126, 3.50000007874
8.90848775591, 2.1500042126, 3.50000007874
8.94782901575, 2.15000409449, 3.50000007874
8.98717082677, 2.15000409449, 3.50000007874
9.02651208661, 2.15000409449, 3.50000007874
9.06585393701, 2.15000409449, 3.50000007874
9.10519515748, 2.15000393701, 3.50000007874
9.14453641732, 2.15000393701, 3.50000007874
9.18387826772, 2.15000393701, 3.50000007874
9.22321948819, 2.15000393701, 3.50000007874
9.26256074803, 2.15000377953, 3.50000007874
9.30190259843, 2.15000377953, 3.50000007874
9.3412438189, 2.15000377953, 3.50000007874
9.38058507874, 2.15000377953, 3.50000007874
9.41992692913, 2.15000362205, 3.50000007874
9.45926814961, 2.15000362205, 3.50000007874
9.49861, 2.15000362205, 3.50000007874
9.53795125984, 2.15000346457, 3.50000007874
9.57729248031, 2.15000346457, 3.50000007874
9.61663433071, 2.15000346457, 3.50000007874
9.65597559055, 2.15000346457, 3.50000007874
9.69531681102, 2.15000334646, 3.50000007874
9.73465866142, 2.15000334646, 3.50000007874
9.77399992126, 2.15000334646, 3.50000007874
9.81334177165, 2.15000334646, 3.50000007874
9.85268299213, 2.15000318898, 3.50000007874
9.89202425197, 2.15000318898, 3.50000007874
9.93136610236, 2.15000318898, 3.50000007874
9.97070732283, 2.1500030315, 3.50000007874
10.0100485827, 2.1500030315, 3.50000007874
10.0493904331, 2.1500030315, 3.50000007874
10.0887316535, 2.1500030315, 3.50000007874
10.1280729134, 2.15000287402, 3.50000007874
10.1674141339, 2.15000287402, 3.50000007874
10.2067565748, 2.15000287402, 3.50000007874
10.2460978346, 2.15000287402, 3.50000007874
10.2854390945, 2.15000271654, 3.50000007874
10.324780315, 2.15000271654, 3.50000007874
10.3641215748, 2.15000271654, 3.50000007874
10.4034640157, 2.15000271654, 3.50000007874
10.4428052362, 2.15000255906, 3.50000007874
10.4821464961, 2.15000255906, 3.50000007874
10.5214877559, 2.15000255906, 3.50000007874
10.5608289764, 2.15000244094, 3.50000007874
10.6001702362, 2.15000244094, 3.50000007874
10.6395126772, 2.15000244094, 3.50000007874
10.6788538976, 2.15000244094, 3.50000007874
10.7181951575, 2.15000228346, 3.50000007874
10.7575364173, 2.15000228346, 3.50000007874
10.7968776378, 2.15000228346, 3.50000007874
10.8362200787, 2.15000228346, 3.50000007874
10.8755613386, 2.15000212598, 3.50000007874
10.9149025591, 2.15000212598, 3.50000007874
10.9542438189, 2.15000212598, 3.50000007874
10.9935850787, 2.15000212598, 3.50000007874
11.0329262992, 2.1500019685, 3.50000007874
11.0722687402, 2.1500019685, 3.50000007874
11.11161, 2.1500019685, 3.50000007874
11.1509512205, 2.15000181102, 3.50000007874
11.1902924803, 2.15000181102, 3.50000007874
11.2296337402, 2.15000181102, 3.50000007874
11.2689761811, 2.15000181102, 3.50000007874
11.3083174016, 2.15000169291, 3.50000007874
11.3476586614, 2.15000169291, 3.50000007874
11.3869998819, 2.15000169291, 3.50000007874
11.4263411417, 2.15000169291, 3.50000007874
11.4656824016, 2.15000153543, 3.50000007874
11.5050248425, 2.15000153543, 3.50000007874
11.544366063, 2.15000153543, 3.50000007874
11.5837073228, 2.15000137795, 3.50000007874
11.6230485433, 2.15000137795, 3.50000007874
11.6623898031, 2.15000137795, 3.50000007874
11.7017322441, 2.15000137795, 3.50000007874
11.7410735039, 2.15000122047, 3.50000007874
11.7804147244, 2.15000122047, 3.50000007874
11.8197559843, 2.15000122047, 3.50000007874
11.8590972047, 2.15000122047, 3.50000007874
11.8984384646, 2.15000106299, 3.50000007874
11.9377809055, 2.15000106299, 3.50000007874
11.9771221654, 2.15000106299, 3.50000007874
12.0164633858, 2.15000106299, 3.50000007874
12.0558046457, 2.15000090551, 3.50000007874
12.0951458661, 2.15000090551, 3.50000007874
12.1344883071, 2.15000090551, 3.50000007874
12.1738295669, 2.1500007874, 3.50000007874
12.2131708268, 2.1500007874, 3.50000007874
12.2525120472, 2.1500007874, 3.50000007874
12.2918533071, 2.1500007874, 3.50000007874
12.3311945276, 2.15000062992, 3.50000007874
12.3705369685, 2.15000062992, 3.50000007874
12.4098782283, 2.15000062992, 3.50000007874
12.4492194882, 2.15000062992, 3.50000007874
12.4885607087, 2.15000047244, 3.50000007874
12.5279019685, 2.15000047244, 3.50000007874
12.5672444094, 2.15000047244, 3.50000007874
12.6065856299, 2.15000047244, 3.50000007874
12.6459268898, 2.15000031496, 3.50000007874
12.6852681496, 2.15000031496, 3.50000007874
12.7246093701, 2.15000031496, 3.50000007874
12.763951811, 2.15000015748, 3.50000007874
12.8032930709, 2.15000015748, 3.50000007874
12.8426342913, 2.15000015748, 3.50000007874
12.8819755512, 2.15000015748, 3.50000007874
12.921316811, 2.15000003937, 3.50000007874
12.9606580315, 2.15000003937, 3.50000007874
-13.0000004724, 2.15000003937, 0.0393258267717
-13.0000004724, 2.15000003937, 0.0786516929134
-13.0000004724, 2.15000003937, 0.117977519685
-13.0000004724, 2.15000003937, 0.157303385827
-13.0000004724, 2.15000003937, 0.196629212598
-13.0000004724, 2.15000003937, 0.23595503937
-13.0000004724, 2.15000003937, 0.275280905512
-13.0000004724, 2.15000003937, 0.314606732283
-13.0000004724, 2.15000003937, 0.353932559055
-13.0000004724, 2.15000003937, 0.393258425197
-13.0000004724, 2.15000003937, 0.432584251969
-13.0000004724, 2.15000003937, 0.47191011811
-13.0000004724, 2.15000003937, 0.511235984252
-13.0000004724, 2.15000003937, 0.550561811024
-13.0000004724, 2.15000003937, 0.589887637795
-13.0000004724, 2.15000003937, 0.629213464567
-13.0000004724, 2.15000003937, 0.668539370079
-13.0000004724, 2.15000003937, 0.70786511811
-13.0000004724, 2.15000003937, 0.747190984252
-13.0000004724, 2.15000003937, 0.786516850394
-13.0000004724, 2.15000003937, 0.825842677165
-13.0000004724, 2.15000003937, 0.865168543307
-13.0000004724, 2.15000003937, 0.904494370079
-13.0000004724, 2.15000003937, 0.94382023622
-13.0000004724, 2.15000003937, 0.983146062992
-13.0000004724, 2.15000003937, 1.02247192913
-13.0000004724, 2.15000003937, 1.06179779528
-13.0000004724, 2.15000003937, 1.10112362205
-13.0000004724, 2.15000003937, 1.14044940945
-13.0000004724, 2.15000003937, 1.17977523622
-13.0000004724, 2.15000003937, 1.21910110236
-13.0000004724, 2.15000003937, 1.2584269685
-13.0000004724, 2.15000003937, 1.29775279528
-13.0000004724, 2.15000003937, 1.33707874016
-13.0000004724, 2.15000003937, 1.37640448819
-13.0000004724, 2.15000003937, 1.41573027559
-13.0000004724, 2.15000003937, 1.4550561811
-13.0000004724, 2.15000003937, 1.4943819685
-13.0000004724, 2.15000003937, 1.53370791339
-13.0000004724, 2.15000003937, 1.57303366142
-13.0000004724, 2.15000003937, 1.6123596063
-13.0000004724, 2.15000003937, 1.65168535433
-13.0000004724, 2.15000003937, 1.69101129921
-13.0000004724, 2.15000003937, 1.73033708661
-13.0000004724, 2.15000003937, 1.76966299213
-13.0000004724, 2.15000003937, 1.80898877953
-13.0000004724, 2.15000003937, 1.84831452756
-13.0000004724, 2.15000003937, 1.88764047244
-13.0000004724, 2.15000003937, 1.92696622047
-13.0000004724, 2.15000003937, 1.96629216535
-13.0000004724, 2.15000003937, 2.00561795276
-13.0000004724, 2.15000003937, 2.04494385827
-13.0000004724, 2.15000003937, 2.08426964567
-13.0000004724, 2.15000003937, 2.12359555118
-13.0000004724, 2.15000003937, 2.16292133858
-13.0000004724, 2.15000003937, 2.20224724409
-13.0000004724, 2.15000003937, 2.2415730315
-13.0000004724, 2.15000003937, 2.2808988189
-13.0000004724, 2.15000003937, 2.32022472441
-13.0000004724, 2.15000003937, 2.35955051181
-13.0000004724, 2.15000003937, 2.39887641732
-13.0000004724, 2.15000003937, 2.43820220472
-13.0000004724, 2.15000003937, 2.47752811024
-13.0000004724, 2.15000003937, 2.51685389764
-13.0000004724, 2.15000003937, 2.55617968504
-13.0000004724, 2.15000003937, 2.59550559055
-13.0000004724, 2.15000003937, 2.63483153543
-13.0000004724, 2.15000003937, 2.67415744094
-13.0000004724, 2.15000003937, 2.71348307087
-13.0000004724, 2.15000003937, 2.75280901575
-13.0000004724, 2.15000003937, 2.79213492126
-13.0000004724, 2.15000003937, 2.83146055118
-13.0000004724, 2.15000003937, 2.87078645669
-13.0000004724, 2.15000003937, 2.91011240157
-13.0000004724, 2.15000003937, 2.94943830709
-13.0000004724, 2.15000003937, 2.98876393701
-13.0000004724, 2.15000003937, 3.02808988189
-13.0000004724, 2.15000003937, 3.0674157874
-13.0000004724, 2.15000003937, 3.10674173228
-13.0000004724, 2.15000003937, 3.14606732283
-13.0000004724, 2.15000003937, 3.18539326772
-13.0000004724, 2.15000003937, 3.22471917323
-13.0000004724, 2.15000003937, 3.26404480315
-13.0000004724, 2.15000003937, 3.30337074803
-13.0000004724, 2.15000003937, 3.34269665354
-13.0000004724, 2.15000003937, 3.38202259843
-13.0000004724, 2.15000003937, 3.42134822835
-13.0000004724, 2.15000003937, 3.46067413386
13.0000004724, 2.15000003937, 0.0393258267717
13.0000004724, 2.15000003937, 0.0786516929134
13.0000004724, 2.15000003937, 0.117977519685
13.0000004724, 2.15000003937, 0.157303385827
13.0000004724, 2.15000003937, 0.196629212598
13.0000004724, 2.15000003937, 0.23595503937
13.0000004724, 2.15000003937, 0.275280905512
13.0000004724, 2.15000003937, 0.314606732283
13.0000004724, 2.15000003937, 0.353932559055
13.0000004724, 2.15000003937, 0.393258425197
13.0000004724, 2.15000003937, 0.432584251969
13.0000004724, 2.15000003937, 0.47191011811
13.0000004724, 2.15000003937, 0.511235984252
13.0000004724, 2.15000003937, 0.550561811024
13.0000004724, 2.15000003937, 0.589887637795
13.0000004724, 2.15000003937, 0.629213464567
13.0000004724, 2.15000003937, 0.668539370079
13.0000004724, 2.15000003937, 0.70786511811
13.0000004724, 2.15000003937, 0.747190984252
13.0000004724, 2.15000003937, 0.786516850394
13.0000004724, 2.15000003937, 0.825842677165
13.0000004724, 2.15000003937, 0.865168543307
13.0000004724, 2.15000003937, 0.904494370079
13.0000004724, 2.15000003937, 0.94382023622
13.0000004724, 2.15000003937, 0.983146062992
13.0000004724, 2.15000003937, 1.02247192913
13.0000004724, 2.15000003937, 1.06179779528
13.0000004724, 2.15000003937, 1.10112362205
13.0000004724, 2.15000003937, 1.14044940945
13.0000004724, 2.15000003937, 1.17977523622
13.0000004724, 2.15000003937, 1.21910110236
13.0000004724, 2.15000003937, 1.2584269685
13.0000004724, 2.15000003937, 1.29775279528
13.0000004724, 2.15000003937, 1.33707874016
13.0000004724, 2.15000003937, 1.37640448819
13.0000004724, 2.15000003937, 1.41573027559
13.0000004724, 2.15000003937, 1.4550561811
13.0000004724, 2.15000003937, 1.4943819685
13.0000004724, 2.15000003937, 1.53370791339
13.0000004724, 2.15000003937, 1.57303366142
13.0000004724, 2.15000003937, 1.6123596063
13.0000004724, 2.15000003937, 1.65168535433
13.0000004724, 2.15000003937, 1.69101129921
13.0000004724, 2.15000003937, 1.73033708661
13.0000004724, 2.15000003937, 1.76966299213
13.0000004724, 2.15000003937, 1.80898877953
13.0000004724, 2.15000003937, 1.84831452756
13.0000004724, 2.15000003937, 1.88764047244
13.0000004724, 2.15000003937, 1.92696622047
13.0000004724, 2.15000003937, 1.96629216535
13.0000004724, 2.15000003937, 2.00561795276
13.0000004724, 2.15000003937, 2.04494385827
13.0000004724, 2.15000003937, 2.08426964567
13.0000004724, 2.15000003937, 2.12359555118
13.0000004724, 2.15000003937, 2.16292133858
13.0000004724, 2.15000003937, 2.20224724409
13.0000004724, 2.15000003937, 2.2415730315
13.0000004724, 2.15000003937, 2.2808988189
13.0000004724, 2.15000003937, 2.32022472441
13.0000004724, 2.15000003937, 2.35955051181
13.0000004724, 2.15000003937, 2.39887641732
13.0000004724, 2.15000003937, 2.43820220472
13.0000004724, 2.15000003937, 2.47752811024
13.0000004724, 2.15000003937, 2.51685389764
13.0000004724, 2.15000003937, 2.55617968504
13.0000004724, 2.15000003937, 2.59550559055
13.0000004724, 2.15000003937, 2.63483153543
13.0000004724, 2.15000003937, 2.67415744094
13.0000004724, 2.15000003937, 2.71348307087
13.0000004724, 2.15000003937, 2.75280901575
13.0000004724, 2.15000003937, 2.79213492126
13.0000004724, 2.15000003937, 2.83146055118
13.0000004724, 2.15000003937, 2.87078645669
13.0000004724, 2.15000003937, 2.91011240157
13.0000004724, 2.15000003937, 2.94943830709
13.0000004724, 2.15000003937, 2.98876393701
13.0000004724, 2.15000003937, 3.02808988189
13.0000004724, 2.15000003937, 3.0674157874
13.0000004724, 2.15000003937, 3.10674173228
13.0000004724, 2.15000003937, 3.14606732283
13.0000004724, 2.15000003937, 3.18539326772
13.0000004724, 2.15000003937, 3.22471917323
13.0000004724, 2.15000003937, 3.26404480315
13.0000004724, 2.15000003937, 3.30337074803
13.0000004724, 2.15000003937, 3.34269665354
13.0000004724, 2.15000003937, 3.38202259843
13.0000004724, 2.15000003937, 3.42134822835
13.0000004724, 2.15000003937, 3.46067413386
3.66388968504, 1.079235, 2.75521885827
3.6576038189, 1.0788846063, 2.79374338583
3.65131826772, 1.07853425197, 2.83226795276
3.64503275591, 1.07818385827, 2.87079248031
3.63874688976, 1.07783338583, 2.90931673228
3.63246137795, 1.0774830315, 2.94784125984
3.62617582677, 1.0771326378, 2.9863657874
3.61989, 1.07678224409, 3.02489031496
3.61360444882, 1.07643181102, 3.06341488189
3.60731889764, 1.07608141732, 3.10193940945
3.64023614173, 1.07791645669, 3.14003110236
3.67943889764, 1.08010185039, 3.13959799213
3.7186365748, 1.08237964567, 3.13916515748
3.75783543307, 1.08462437008, 3.13873232283
3.79708476378, 1.08551602362, 3.13829917323
3.83634854331, 1.08540393701, 3.13787086614
3.87561165354, 1.0851703937, 3.13744551181
3.91487452756, 1.08489035433, 3.13701629921
3.9541373622, 1.08463858268, 3.13657535433
3.99340051181, 1.08448795276, 3.13611279528
4.0326615748, 1.08440759843, 3.13550122047
4.0719196063, 1.08436307087, 3.13469866142
4.11117374016, 1.0843584252, 3.13373295276
4.15042456693, 1.08439759843, 3.13263208661
4.18967208661, 1.08448464567, 3.13142401575
4.22891661417, 1.08462362205, 3.13013751969
4.26815964567, 1.08481858268, 3.12880027559
4.30740145669, 1.08507334646, 3.1274407874
4.34664299213, 1.08539220472, 3.12608732283
4.38588448819, 1.08577795276, 3.12475370079
4.42512090551, 1.0862230315, 3.12329511811
4.46435070866, 1.08672751969, 3.12168389764
4.5035742126, 1.0872946063, 3.11994027559
4.54279141732, 1.08792755906, 3.11808456693
4.58200291339, 1.0886296063, 3.11613669291
4.62120929134, 1.08940393701, 3.11411728346
4.66041173228, 1.09025393701, 3.11204653543
4.69961062992, 1.09118267717, 3.10994515748
4.73880677165, 1.09219346457, 3.10783295276
4.77800145669, 1.09329066929, 3.10573637795
4.81719519685, 1.09448043307, 3.10367074803
4.85638503937, 1.09576173228, 3.10158645669
4.89556771654, 1.09713259843, 3.09942712598
4.93473984252, 1.09859106299, 3.0971361811
4.97389633858, 1.1001411811, 3.09464854331
5.01303334646, 1.10180185039, 3.09193287402
5.0521526378, 1.1035753937, 3.08904452756
5.09125838583, 1.10546283465, 3.08604322835
5.13035452756, 1.10746511811, 3.08298905512
5.16944586614, 1.10958311024, 3.07995232283
5.20853417323, 1.11181889764, 3.07696787402
5.24761771654, 1.11417468504, 3.07400952756
5.28669401575, 1.11665291339, 3.07104846457
5.32575893701, 1.11925590551, 3.06805649606
5.36481122047, 1.12198598425, 3.06500531496
5.40384728346, 1.12484543307, 3.06186645669
5.44286354331, 1.12783665354, 3.05861133858
5.48185692913, 1.13096185039, 3.05521177165
5.52082393701, 1.1342234252, 3.05163944882
5.55976145669, 1.13763, 3.04788515748
5.59867019685, 1.14119110236, 3.04397582677
5.63755066929, 1.14491062992, 3.0399373622
5.67640409449, 1.14879271654, 3.03579555118
5.71523232283, 1.15284129921, 3.0315765748
5.75403649606, 1.15706047244, 3.02730590551
5.79281905512, 1.16145425197, 3.02300972441
5.83158059055, 1.1660265748, 3.01871413386
5.87032346457, 1.1707815748, 3.01444437008
5.90904834646, 1.17572122047, 3.01022775591
5.94776122047, 1.18081783465, 3.00608385827
5.98645366142, 1.18607767717, 3.0019507874
6.02511248031, 1.19152295276, 2.99774708661
6.06372440945, 1.19717559055, 2.99339322835
6.10227629921, 1.20304917323, 2.98880208661
6.14076330709, 1.20908393701, 2.98388775591
6.17919259843, 1.21528633858, 2.97873279528
6.21757145669, 1.22168531496, 2.97344897638
6.25591007874, 1.22830992126, 2.96814716535
6.29421322835, 1.23517755906, 2.9629
6.33246594488, 1.24223814961, 2.95754531496
6.37066519685, 1.24948755906, 2.95205814961
6.40880913386, 1.25693291339, 2.94645023622
6.44689606299, 1.26458129921, 2.94073358268
6.48492586614, 1.27243988189, 2.93491996063
6.52289744094, 1.28051547244, 2.92902098425
6.56080893701, 1.288815, 2.9230484252
6.59865913386, 1.29734519685, 2.91701429134
6.63644685039, 1.30611299213, 2.91092968504
6.67415767717, 1.31512767717, 2.90472976378
6.71175559055, 1.32439637795, 2.89822374016
6.74925314961, 1.33390818898, 2.89149488189
6.78666901575, 1.34365232283, 2.88464433071
6.82402244094, 1.3536184252, 2.87777248031
6.86132417323, 1.36381629921, 2.87096066929
6.89855019685, 1.37429200787, 2.86415551181
6.93567830709, 1.38504720472, 2.85725149606
6.97268629921, 1.39607976378, 2.85014413386
7.00955066929, 1.40738704724, 2.84273011811
7.04627389764, 1.41895791339, 2.83502834646
7.08291122047, 1.43077295276, 2.82728602362
7.11946622047, 1.44283311024, 2.81953224409
7.15594015748, 1.45514015748, 2.8117842126
7.19233295276, 1.46769665354, 2.80405870079
7.22864826772, 1.48053208661, 2.79642299213
7.26487287402, 1.49369759843, 2.78892366142
7.30098035433, 1.50716149606, 2.78138559055
7.33694062992, 1.52088811024, 2.77362492126
7.37272307087, 1.53484149606, 2.76545665354
7.40828866142, 1.54900259843, 2.75671740157
7.44356409449, 1.5633784252, 2.74719326772
7.47844366142, 1.57791452756, 2.73652653543
7.51279094488, 1.59253952756, 2.72436397638
7.54643417323, 1.60716574803, 2.71037606299
7.57928744094, 1.62173232283, 2.69456035433
7.61157598425, 1.63630267717, 2.6776234252
7.64333649606, 1.65087783465, 2.65971866142
7.67459299213, 1.66545614173, 2.64095035433
7.70537248031, 1.68003925197, 2.62141220472
7.73570984252, 1.6946415748, 2.6012084252
7.76564590551, 1.70929, 2.5804465748
7.79517826772, 1.72394984252, 2.55912271654
7.82430271654, 1.73858086614, 2.53722511811
7.85301267717, 1.7531426378, 2.51474216535
7.88132433071, 1.7676303937, 2.49171311024
7.90933625984, 1.78215822835, 2.4683446063
7.9370519685, 1.79665602362, 2.44460700787
7.96432015748, 1.8109976378, 2.42026488189
7.99125070866, 1.82525996063, 2.39550283465
8.01817944882, 1.83961374016, 2.37079228346
8.04513767717, 1.85396614173, 2.34611240157
8.07210425197, 1.8682907874, 2.32142515748
8.09907688976, 1.88259259843, 2.29673177165
8.12605429134, 1.89687669291, 2.27203385827
8.15303590551, 1.91114799213, 2.24733248031
8.18001996063, 1.92541122047, 2.22262885827
8.20700456693, 1.93967129921, 2.19792464567
8.2339892126, 1.95393330709, 2.17322070866
8.26097141732, 1.96820204724, 2.14851874016
8.28794822835, 1.98248870079, 2.12382145669
8.31490523622, 1.99684594488, 2.09914275591
8.34185681102, 2.01122074803, 2.07446870079
8.36882582677, 2.0255338189, 2.04977846457
8.39583629921, 2.03970527559, 2.02505082677
8.42290925197, 2.0536546063, 2.0002657874
8.45006566929, 2.06730114173, 1.97540417323
8.47732602362, 2.08056350394, 1.95044779528
8.5047065748, 2.09335972441, 1.92538090551
8.5322234252, 2.10560716535, 1.90018933071
8.55988751969, 2.11722905512, 1.8748630315
8.58766692913, 2.12833358268, 1.84943043307
8.61554244094, 2.13898937008, 1.82391129921
8.64352669291, 2.14911889764, 1.7983003937
8.67245893701, 2.15000437008, 1.77185149606
8.70145964567, 2.15000437008, 1.74537897638
8.7304723622, 2.15000437008, 1.71891956693
8.75949110236, 2.15000437008, 1.69246673228
8.7885134252, 2.15000437008, 1.66601783465
8.81753637795, 2.1500042126, 1.63956980315
8.84656169291, 2.1500042126, 1.61312464567
8.87565374016, 2.1500042126, 1.58675259843
8.90472051181, 2.1500042126, 1.5603526378
8.93361007874, 2.1500042126, 1.53375972441
8.96216866142, 2.15000409449, 1.50681114173
8.99027665354, 2.15000409449, 1.47939307087
9.01796177165, 2.15000409449, 1.45155059055
9.02424070866, 2.15000409449, 1.42771397638
8.98593153543, 2.15000409449, 1.41913767717
8.9471807874, 2.15000409449, 1.41281937008
8.90821862205, 2.1500042126, 1.40795866142
8.86909366142, 2.1500042126, 1.40466267717
8.82987917323, 2.1500042126, 1.40266988189
8.79062322835, 2.15000437008, 1.40194405512
8.75137688976, 2.15000437008, 1.40306937008
8.71225011811, 2.15000437008, 1.40628874016
8.67387728346, 2.15000437008, 1.41428413386
8.64396464567, 2.14924429134, 1.43931003937
8.61852511811, 2.14011980315, 1.46778240157
8.59444204724, 2.13099937008, 1.49741992126
8.57104145669, 2.12178748031, 1.5275753937
8.54831846457, 2.11245047244, 1.55820665354
8.5258634252, 2.10284181102, 1.58895161417
8.50345102362, 2.09284023622, 1.61960255906
8.48110527559, 2.08242417323, 1.65016338583
8.45883767717, 2.07164720472, 1.68065665354
8.43663374016, 2.06060681102, 1.7111019685
8.41444779528, 2.04931259843, 1.74146744094
8.39223547244, 2.0377723622, 1.77172051181
8.36994980315, 2.02599771654, 1.80182913386
8.34754523622, 2.01410204724, 1.83180185039
8.32504452756, 2.00215901575, 1.86168354331
8.30248913386, 1.99019393701, 1.89151523622
8.2799211811, 1.97823259843, 1.92133850394
8.25732314961, 1.96628330709, 1.95114405512
8.23439350394, 1.95425003937, 1.98066094488
8.21113346457, 1.94209181102, 2.00986622047
8.18760248031, 1.92978220472, 2.03879019685
8.16386066929, 1.91729433071, 2.06746425197
8.13995901575, 1.90462622047, 2.09592547244
8.1158861811, 1.891815, 2.12417811024
8.09160787402, 1.87886003937, 2.15218759843
8.06708807087, 1.86575988189, 2.17991822835
8.04229255906, 1.85251354331, 2.20733251969
8.01718944882, 1.83912051181, 2.23439299213
7.99174629921, 1.82558133858, 2.26106027559
7.96593374016, 1.81189708661, 2.28729456693
7.93972287402, 1.79806972441, 2.31305492126
7.91309748031, 1.78411169291, 2.33831448819
7.8861080315, 1.77009551181, 2.36315283465
7.85876598425, 1.75604015748, 2.3875792126
7.83106826772, 1.74195086614, 2.41158192913
7.80301370079, 1.72783271654, 2.43514968504
7.77460775591, 1.71370425197, 2.45828598425
7.7457584252, 1.69954614173, 2.48084751969
7.71625728346, 1.68525814961, 2.50246169291
7.68582681102, 1.67075165354, 2.52258933071
7.65457511811, 1.65606732283, 2.54127984252
7.6225923622, 1.64127948819, 2.55860125984
7.58991090551, 1.62645759843, 2.57453468504
7.55659929134, 1.61164185039, 2.58911161417
7.52272417323, 1.59687011811, 2.60237566929
7.48834925197, 1.58217708661, 2.61438204724
7.45353338583, 1.56759429134, 2.62519385827
7.41833062992, 1.55315007874, 2.63488169291
7.38278968504, 1.53886913386, 2.64352062992
7.34695314961, 1.52477322835, 2.65118814961
7.31086129921, 1.51088818898, 2.65799755906
7.27455980315, 1.49726311024, 2.66418996063
7.23807027559, 1.48390598425, 2.66983814961
7.20140952756, 1.47081811024, 2.67498826772
7.16459377953, 1.45799968504, 2.6796869685
7.12763566929, 1.44545035433, 2.68398165354
7.0905484252, 1.4331696063, 2.68791948819
7.05334161417, 1.42115629921, 2.69154885827
7.01602606299, 1.40940929134, 2.69491692913
6.97860897638, 1.39792673228, 2.69807291339
6.94109877953, 1.38671830709, 2.70110511811
6.90349968504, 1.37578814961, 2.70404846457
6.86581468504, 1.36512980315, 2.70688094488
6.828045, 1.35473673228, 2.70958035433
6.79019476378, 1.34460240157, 2.71212480315
6.75226645669, 1.33472007874, 2.71449259843
6.71426307087, 1.32508330709, 2.71666188976
6.67618818898, 1.31568531496, 2.7186103937
6.63804543307, 1.30651925197, 2.72031649606
6.59983897638, 1.29758429134, 2.72181984252
6.56157606299, 1.28889728346, 2.72333909449
6.52325846457, 1.28045661417, 2.72488149606
6.48488925197, 1.27225846457, 2.72642870079
6.44646893701, 1.2642988189, 2.72796362205
6.40799996063, 1.25657374016, 2.72946846457
6.36948291339, 1.2490792126, 2.73092555118
6.33092082677, 1.24181129921, 2.73231775591
6.29231370079, 1.23476590551, 2.7336273622
6.25366511811, 1.22793858268, 2.73483665354
6.21497688976, 1.22131468504, 2.7359203937
6.17625259843, 1.21488570866, 2.73688610236
6.13749468504, 1.20864913386, 2.73775326772
6.09870488189, 1.20260216535, 2.73854232283
6.05988511811, 1.19674208661, 2.73927224409
6.02103767717, 1.19106606299, 2.73996370079
5.98216377953, 1.18557141732, 2.74063559055
5.94326531496, 1.18025531496, 2.74130783465
5.90434275591, 1.175115, 2.74200019685
5.86539740157, 1.17015358268, 2.7426730315
5.82642562992, 1.16538295276, 2.74319295276
5.78742980315, 1.16080007874, 2.74357503937
5.74841177165, 1.15640082677, 2.74384354331
5.70937330709, 1.15218141732, 2.74402169291
5.6703161811, 1.14813759843, 2.7441334252
5.63124169291, 1.14426551181, 2.74420220472
5.59215094488, 1.14056106299, 2.7442523622
5.5530446063, 1.13702023622, 2.74430732283
5.51392440945, 1.13363799213, 2.74438964567
5.47479283465, 1.1303907874, 2.7444830315
5.43565102362, 1.12727098425, 2.74457645669
5.39649901575, 1.12428011811, 2.74466988189
5.35733740157, 1.12141952756, 2.74476358268
5.3181661811, 1.11869074803, 2.74485700787
5.27898653543, 1.11609511811, 2.74495043307
5.23979728346, 1.11363397638, 2.74504413386
5.20060019685, 1.11130877953, 2.74513783465
5.16139535433, 1.10912090551, 2.74523125984
5.12218326772, 1.1070615748, 2.74529074803
5.08296574803, 1.10510968504, 2.7452507874
5.04374346457, 1.10326181102, 2.74511653543
5.00451665354, 1.10151547244, 2.74489456693
4.96528625984, 1.09986795276, 2.74459177165
4.92605255906, 1.09831653543, 2.74421543307
4.88681614173, 1.09685846457, 2.74377208661
4.84757700787, 1.09549125984, 2.74326866142
4.8083357874, 1.0942119685, 2.7427123622
4.76909248031, 1.09301897638, 2.74210472441
4.72984795276, 1.09191940945, 2.74140153543
4.69060283465, 1.0909119685, 2.74060468504
4.65135708661, 1.08999267717, 2.73973271654
4.6121107874, 1.0891573622, 2.73880393701
4.57286385827, 1.08840185039, 2.73783677165
4.53361602362, 1.08772216535, 2.73684976378
4.4943669685, 1.08711417323, 2.73586094488
4.45511677165, 1.08657362205, 2.73488893701
4.41586472441, 1.0860965748, 2.73395177165
4.3766111811, 1.08567996063, 2.73304314961
4.33735704724, 1.08532311024, 2.73213484252
4.29810259843, 1.08502440945, 2.73122622047
4.25884787402, 1.08478251969, 2.73031791339
4.21959251969, 1.08459586614, 2.72940929134
4.18033720472, 1.08446295276, 2.72850098425
4.1410815748, 1.0843823622, 2.7275923622
4.10182590551, 1.0843526378, 2.72668401575
4.06257027559, 1.08437228346, 2.7257753937
4.02331464567, 1.08443716535, 2.72486708661
3.98405933071, 1.08453098425, 2.72395846457
3.94480397638, 1.08465826772, 2.72305015748
3.90554862205, 1.08482787402, 2.72214153543
3.86629358268, 1.08504858268, 2.72123322835
3.82703976378, 1.08543299213, 2.7203246063
3.78778562992, 1.08551377953, 2.71941629921
3.74856271654, 1.08398992126, 2.71850854331
3.70936775591, 1.08181023622, 2.71760145669
