"M3", 0.693946653543, 3.95124389764, 2.803245
"M3", 0.655198070866, 3.94961862205, 2.79693905512
"M3", 0.616439055118, 3.94792090551, 2.79071688976
"M3", 0.577660551181, 3.9462153937, 2.78461937008
"M3", 0.538854488189, 3.94455405512, 2.7786873622
"M3", 0.500011653543, 3.94303267717, 2.77296232283
"M3", 0.461121299213, 3.94186125984, 2.76748448819
"M3", 0.422180275591, 3.9411553937, 2.76229559055
"M3", 0.383190669291, 3.94112562992, 2.75743681102
"M3", 0.344166535433, 3.94200090551, 2.75295106299
"M3", 0.305117322835, 3.94355444882, 2.74888074803
"M3", 0.266053818898, 3.94573511811, 2.74526311024
"M3", 0.22700007874, 3.94869948819, 2.74213326772
"M3", 0.18800015748, 3.95268448819, 2.73951374016
"M3", 0.149093937008, 3.9577442126, 2.73739791339
"M3", 0.110284173228, 3.96366027559, 2.7357780315
"M3", 0.0714233858268, 3.96934507874, 2.7346438189
"M3", 0.0323534251969, 3.97340791339, 2.73399354331
"M3", -0.00689582677165, 3.9747526378, 2.7338334252
"M3", -0.0460992913386, 3.97224244094, 2.73416685039
"M3", -0.0850888188976, 3.96748791339, 2.73498775591
"M3", -0.123901889764, 3.96151503937, 2.7362919685
"M3", -0.162742165354, 3.95585937008, 2.73808515748
"M3", -0.20168476378, 3.95117633858, 2.74037728346
"M3", -0.240704212598, 3.94751362205, 2.74317555118
"M3", -0.279764566929, 3.94484031496, 2.74647870079
"M3", -0.318826889764, 3.94293145669, 2.75026125984
"M3", -0.357867874016, 3.94159062992, 2.75448326772
"M3", -0.396881811024, 3.9410142126, 2.75910503937
"M3", -0.43585492126, 3.94134129921, 2.76408456693
"M3", -0.474778110236, 3.94222318898, 2.76938011811
"M3", -0.513650551181, 3.94354964567, 2.77494925197
"M3", -0.55248007874, 3.9451169685, 2.78075181102
"M3", -0.591276220472, 3.9467834252, 2.78674688976
"M3", -0.630046574803, 3.94849972441, 2.79289275591
"M3", -0.66879984252, 3.95020492126, 2.79914917323
"M3", -0.707547047244, 3.95178606299, 2.80547464567
"M3", -0.74629992126, 3.9531719685, 2.81181125984
"M3", -0.785161023622, 3.95439267717, 2.81747681102
"M3", -0.824067480315, 3.95541334646, 2.82287208661
"M3", -0.862977795276, 3.95622822835, 2.8282742126
"M3", -0.901905944882, 3.9568076378, 2.83357574803
"M3", -0.940912204724, 3.95717291339, 2.83828614173
"M3", -0.979969291339, 3.95729062992, 2.84257484252
"M3", -1.01902685039, 3.95720472441, 2.84685901575
"M3", -1.05808476378, 3.95688606299, 2.85112905512
"M3", -1.09717858268, 3.95635468504, 2.85503086614
"M3", -1.1363196063, 3.95560468504, 2.85838661417
"M3", -1.17546952756, 3.95466901575, 2.86159035433
"M3", -1.21461192913, 3.95348047244, 2.86480188976
"M3", -1.25374456693, 3.95201496063, 2.86801885827
"M3", -1.29290511811, 3.95030826772, 2.87070929134
"M3", -1.33209318898, 3.94836216535, 2.87280074803
"M3", -1.37129988189, 3.94618625984, 2.87414161417
"M3", -1.41050968504, 3.94379472441, 2.87498295276
"M3", -1.44971531496, 3.94120192913, 2.87485169291
"M3", -1.48890098425, 3.93841688976, 2.87418547244
"M3", -1.52805492126, 3.93544866142, 2.87276622047
"M3", -1.56715874016, 3.93230826772, 2.87056779528
"M3", -1.60622003937, 3.9290030315, 2.86790862205
"M3", -1.64523417323, 3.92554035433, 2.86478326772
"M3", -1.68420295276, 3.9219211811, 2.86129208661
"M3", -1.72315551181, 3.91816208661, 2.85776633858
"M3", -1.76207551181, 3.91425996063, 2.85404535433
"M3", -1.80095492126, 3.91021818898, 2.85005496063
"M3", -1.83981948819, 3.90605444882, 2.84604590551
"M3", -1.87864799213, 3.90172944882, 2.84186503937
"M3", -1.91740082677, 3.89730708661, 2.83712102362
"M3", -1.95612255906, 3.89277720472, 2.83222468504
"M3", -1.99483047244, 3.88812716535, 2.82733314961
"M3", -2.03345637795, 3.88337472441, 2.82192259843
"M3", -2.07201366142, 3.87851476378, 2.81612877953
"M3", -2.11055874016, 3.87355385827, 2.81033822835
"M3", -2.14908913386, 3.8684715748, 2.80455523622
"M3", -2.18760724409, 3.863295, 2.79877429134
"M3", -2.2261142126, 3.85804094488, 2.79298948819
"M3", -2.26457956693, 3.85265980315, 2.78704633858
"M3", -2.30296787402, 3.84720389764, 2.78068933071
"M3", -2.34129464567, 3.84163232283, 2.77406496063
"M3", -2.37959795276, 3.83596074803, 2.76739133858
"M3", -2.41788700787, 3.83020866142, 2.7607030315
"M3", -2.4561611811, 3.82436976378, 2.75400566929
"M3", -2.49442003937, 3.81843716535, 2.74730350394
"M3", -2.5326634252, 3.81240425197, 2.74060165354
"M3", -2.57089059055, 3.80626437008, 2.73390523622
"M3", -2.60910185039, 3.80001547244, 2.72721779528
"M3", -2.64729897638, 3.79367917323, 2.72053397638
"M3", -2.68547389764, 3.78722543307, 2.71383299213
"M3", -2.72364370079, 3.78064913386, 2.70722488189
"M3", -2.76183933071, 3.7739361811, 2.70090988189
"M3", -2.80005988189, 3.76706582677, 2.69493192913
"M3", -2.83834712598, 3.75998728346, 2.6896580315
"M3", -2.87534429134, 3.75288775591, 2.67901622047
"M3", -2.90662208661, 3.74662535433, 2.65636055118
"M3", -2.93028074803, 3.74173503937, 2.62556149606
"M3", -2.94066149606, 3.73955043307, 2.588045
"M3", -2.94128598425, 3.73941917323, 2.54876866142
"M3", -2.94127366142, 3.7394215748, 2.50947665354
"M3", -2.94115531496, 3.73944649606, 2.47018543307
"M3", -2.9402553937, 3.73963602362, 2.43090425197
"M3", -2.93906295276, 3.73988685039, 2.39163122047
"M3", -2.93781311024, 3.74014996063, 2.35235996063
"M3", -2.93636830709, 3.74045393701, 2.31309590551
"M3", -2.93474062992, 3.74079665354, 2.27383905512
"M3", -2.93337543307, 3.7410838189, 2.23457200787
"M3", -2.93228389764, 3.74131362205, 2.19529594488
"M3", -2.93077153543, 3.74163200787, 2.15603519685
"M3", -2.92795767717, 3.74222401575, 2.11685133858
"M3", -2.92388464567, 3.74308129921, 2.07778133858
"M3", -2.91921181102, 3.74406137795, 2.03878070866
"M3", -2.91205098425, 3.74553259843, 2.00020933071
"M3", -2.89252874016, 3.74946173228, 1.96742622047
"M3", -2.85811807087, 3.75623027559, 1.95155031496
"M3", -2.82582440945, 3.76232625984, 1.93143094488
"M3", -2.81243933071, 3.76480401575, 1.89485295276
"M3", -2.80361023622, 3.76641700787, 1.85660413386
"M3", -2.79579944882, 3.76784377953, 1.81812405512
"M3", -2.78870318898, 3.76913055118, 1.77950070866
"M3", -2.78196350394, 3.77034015748, 1.74080992126
"M3", -2.77524602362, 3.77154523622, 1.70211507874
"M3", -2.76864267717, 3.7727296063, 1.66340007874
"M3", -2.76221897638, 3.77387551181, 1.62465374016
"M3", -2.75598452756, 3.77497846457, 1.58587523622
"M3", -2.74966023622, 3.77609251969, 1.54711161417
"M3", -2.74294574803, 3.77727358268, 1.50841586614
"M3", -2.7355761811, 3.77857027559, 1.46984354331
"M3", -2.72765122047, 3.77995649606, 1.4313842126
"M3", -2.71942468504, 3.78138114173, 1.39298956693
"M3", -2.71080527559, 3.78287188976, 1.35468519685
"M3", -2.70119795276, 3.78453322835, 1.31662429134
"M3", -2.69051649606, 3.78636547244, 1.27885850394
"M3", -2.67894685039, 3.78833200787, 1.24136122047
"M3", -2.66651393701, 3.7904442126, 1.20414980315
"M3", -2.65319165354, 3.79269275591, 1.167255
"M3", -2.63890425197, 3.79507740157, 1.13073153543
"M3", -2.62356704724, 3.79763594488, 1.09464846457
"M3", -2.60714011811, 3.800345, 1.05906007874
"M3", -2.58961114173, 3.80321562992, 1.02401515748
"M3", -2.57096149606, 3.80625566929, 0.989568228346
"M3", -2.55105358268, 3.80945551181, 0.955847401575
"M3", -2.52983094488, 3.81285779528, 0.922958582677
"M3", -2.50737228346, 3.81640066929, 0.890917047244
"M3", -2.48348476378, 3.82015559055, 0.859951574803
"M3", -2.45823748031, 3.82405649606, 0.830102913386
"M3", -2.43158956693, 3.82815354331, 0.801526456693
"M3", -2.40350169291, 3.83239807087, 0.774385629921
"M3", -2.37407744094, 3.8367873622, 0.748725708661
"M3", -2.34323082677, 3.84134669291, 0.724828464567
"M3", -2.3110580315, 3.84602224409, 0.702770629921
"M3", -2.27764984252, 3.85080952756, 0.682662086614
"M3", -2.24308374016, 3.85566440945, 0.664636299213
"M3", -2.20749909449, 3.86059346457, 0.648739212598
"M3", -2.17099437008, 3.86556161417, 0.635099645669
"M3", -2.1337296063, 3.87051228346, 0.623683228346
"M3", -2.09596948819, 3.87545606299, 0.614020551181
"M3", -2.05789311024, 3.88032145669, 0.605640708661
"M3", -2.01957748031, 3.88511929134, 0.598382125984
"M3", -1.98106511811, 3.88982007874, 0.592183346457
"M3", -1.94245106299, 3.8944142126, 0.586554291339
"M3", -1.90371385827, 3.89888641732, 0.581732677165
"M3", -1.86491149606, 3.90328984252, 0.577401338583
"M3", -1.82603594488, 3.90754968504, 0.573606338583
"M3", -1.78709271654, 3.9116815748, 0.570413307087
"M3", -1.74810937008, 3.91568070866, 0.567563779528
"M3", -1.70907988189, 3.91954437008, 0.565191614173
"M3", -1.67000492126, 3.92326625984, 0.563432795276
"M3", -1.63089570866, 3.9268373622, 0.56221507874
"M3", -1.5917573622, 3.93025224409, 0.561592716535
"M3", -1.55260055118, 3.93350555118, 0.56145996063
"M3", -1.51342964567, 3.93658496063, 0.561351850394
"M3", -1.47424594488, 3.9394934252, 0.561447992126
"M3", -1.43505141732, 3.94220125984, 0.562011377953
"M3", -1.3958480315, 3.94472228346, 0.562758149606
"M3", -1.35665877953, 3.9470342126, 0.56439988189
"M3", -1.31746712598, 3.94912480315, 0.566261023622
"M3", -1.27831468504, 3.95098318898, 0.568994566929
"M3", -1.23917519685, 3.95259767717, 0.572040275591
"M3", -1.20010488189, 3.9539484252, 0.575982086614
"M3", -1.16108007874, 3.95502704724, 0.580407047244
"M3", -1.12218212598, 3.95589393701, 0.58588015748
"M3", -1.08341909449, 3.9565580315, 0.592262598425
"M3", -1.04484346457, 3.9570103937, 0.599711299213
"M3", -1.00650984252, 3.95725011811, 0.608324488189
"M3", -0.968455669291, 3.95727114173, 0.618099055118
"M3", -0.93076015748, 3.95709992126, 0.62917519685
"M3", -0.893513307087, 3.95670464567, 0.641670826772
"M3", -0.856790708661, 3.95610897638, 0.655623149606
"M3", -0.820716062992, 3.95533523622, 0.671166692913
"M3", -0.785402519685, 3.95440681102, 0.68835988189
"M3", -0.750956732283, 3.95333629921, 0.707224055118
"M3", -0.717525472441, 3.95213901575, 0.727825551181
"M3", -0.685188937008, 3.95088165354, 0.750103503937
"M3", -0.654083897638, 3.94956334646, 0.774067637795
"M3", -0.624188740157, 3.94825791339, 0.799526299213
"M3", -0.595540708661, 3.94700688976, 0.826384566929
"M3", -0.568085944882, 3.94580992126, 0.854463937008
"M3", -0.541565433071, 3.94466850394, 0.883431338583
"M3", -0.51581476378, 3.94364665354, 0.913089409449
"M3", -0.491291692913, 3.94274314961, 0.943772401575
"M3", -0.467940748031, 3.9420276378, 0.975361535433
"M3", -0.445848385827, 3.94149720472, 1.00784759843
"M3", -0.42492003937, 3.94116259843, 1.04109712598
"M3", -0.405084527559, 3.94103043307, 1.0750138189
"M3", -0.386338740157, 3.94109350394, 1.10954496063
"M3", -0.368603031496, 3.9413446063, 1.14460488189
"M3", -0.351818976378, 3.94175732283, 1.18012870079
"M3", -0.335918267717, 3.94225744094, 1.21605566929
"M3", -0.320845787402, 3.94282964567, 1.25233649606
"M3", -0.306631417323, 3.94344838583, 1.28896188976
"M3", -0.29272484252, 3.94412212598, 1.32570326772
"M3", -0.279544566929, 3.94486555118, 1.36271110236
"M3", -0.266348267717, 3.94569425197, 1.39971153543
"M3", -0.253323700787, 3.94658488189, 1.4367711811
"M3", -0.240692244094, 3.94754275591, 1.47396507874
"M3", -0.228093425197, 3.94860275591, 1.51116740157
"M3", -0.215965708661, 3.94972283465, 1.5485230315
"M3", -0.204316456693, 3.95088106299, 1.58603051181
"M3", -0.192895433071, 3.95211527559, 1.62360527559
"M3", -0.18207488189, 3.95337984252, 1.66135669291
"M3", -0.171300629921, 3.95473688976, 1.69911826772
"M3", -0.160528110236, 3.95616035433, 1.73687775591
"M3", -0.149524055118, 3.95769346457, 1.77456594488
"M3", -0.138063818898, 3.95936531496, 1.81210929134
"M3", -0.124611102362, 3.96143724409, 1.84895704724
"M3", -0.106801456693, 3.96420307087, 1.88381586614
"M3", -0.0788303543307, 3.96835897638, 1.91027212598
"M3", -0.0424473622047, 3.97260051181, 1.92422759843
"M3", -0.00378476377953, 3.97484877953, 1.93037527559
"M3", 0.0351185826772, 3.97320452756, 1.9260365748
"M3", 0.0721219685039, 3.96928744094, 1.91366
"M3", 0.10260496063, 3.96485003937, 1.89010366142
"M3", 0.121607204724, 3.96190374016, 1.85591208661
"M3", 0.135725393701, 3.95971673228, 1.81932389764
"M3", 0.14738980315, 3.95800704724, 1.7818453937
"M3", 0.158446023622, 3.95644330709, 1.74417346457
"M3", 0.169240590551, 3.95499972441, 1.70642102362
"M3", 0.180016062992, 3.95362795276, 1.66866031496
"M3", 0.190805551181, 3.95235437008, 1.63090023622
"M3", 0.202078464567, 3.95110905512, 1.59328145669
"M3", 0.213742480315, 3.94993429134, 1.55577905512
"M3", 0.225707125984, 3.94881299213, 1.51837070866
"M3", 0.238278897638, 3.94773346457, 1.48116
"M3", 0.250875629921, 3.94675515748, 1.44395484252
"M3", 0.263825551181, 3.9458615748, 1.4068692126
"M3", 0.277019409449, 3.94501964567, 1.36986814961
"M3", 0.290193070866, 3.94427173228, 1.33285791339
"M3", 0.303900748031, 3.94357425197, 1.29604311024
"M3", 0.318092834646, 3.94293748031, 1.25940933071
"M3", 0.332988740157, 3.94236645669, 1.22305665354
"M3", 0.348718622047, 3.94185192913, 1.18705496063
"M3", 0.36533007874, 3.9414103937, 1.15145082677
"M3", 0.382865275591, 3.94112956693, 1.11629102362
"M3", 0.401445669291, 3.94103251969, 1.08167161417
"M3", 0.421081062992, 3.9411280315, 1.04764051181
"M3", 0.441730944882, 3.94142389764, 1.01421783465
"M3", 0.463622204724, 3.94190271654, 0.981595354331
"M3", 0.486697165354, 3.94258362205, 0.949802716535
"M3", 0.511007874016, 3.94345681102, 0.91895011811
"M3", 0.536552440945, 3.94446393701, 0.889115826772
"M3", 0.562937598425, 3.94558492126, 0.86002507874
"M3", 0.59018476378, 3.94677291339, 0.831744566929
"M3", 0.61860984252, 3.94801401575, 0.80465015748
"M3", 0.648223622047, 3.94930740157, 0.77886507874
"M3", 0.679118228346, 3.95063984252, 0.754630629921
"M3", 0.711219527559, 3.95189448819, 0.73201503937
"M3", 0.74444523622, 3.95311188976, 0.711087795276
"M3", 0.778693700787, 3.95421275591, 0.691870748031
"M3", 0.813849527559, 3.95516704724, 0.674358503937
"M3", 0.849794566929, 3.95597141732, 0.658520433071
"M3", 0.886379015748, 3.95659830709, 0.64420976378
"M3", 0.923546692913, 3.95702783465, 0.631480393701
"M3", 0.961151653543, 3.95726633858, 0.620099527559
"M3", 0.999150472441, 3.95727862205, 0.61010992126
"M3", 1.03744350394, 3.95707830709, 0.601318700787
"M3", 1.07596984252, 3.95666527559, 0.593619212598
"M3", 1.11470125984, 3.95605791339, 0.587039409449
"M3", 1.15357791339, 3.95520547244, 0.581413858268
"M3", 1.19257716535, 3.95416830709, 0.576759409449
"M3", 1.2316465748, 3.95286531496, 0.572792165354
"M3", 1.27076952756, 3.95130098425, 0.569528110236
"M3", 1.30991944882, 3.94948885827, 0.566726023622
"M3", 1.34910614173, 3.94744271654, 0.564730511811
"M3", 1.3882953937, 3.94517311024, 0.563026023622
"M3", 1.42749755906, 3.94269625984, 0.562120629921
"M3", 1.46669401575, 3.94001846457, 0.561551574803
"M3", 1.50588027559, 3.9371526378, 0.561334133858
"M3", 1.54505377953, 3.93410629921, 0.561443228346
"M3", 1.5842134252, 3.93088543307, 0.561538188976
"M3", 1.62335492126, 3.92749968504, 0.562097322835
"M3", 1.6624719685, 3.92395830709, 0.563146968504
"M3", 1.70155653543, 3.92026614173, 0.564757165354
"M3", 1.74059125984, 3.91642984252, 0.567086259843
"M3", 1.77958511811, 3.91245503937, 0.569820275591
"M3", 1.81853901575, 3.90834870079, 0.572916574803
"M3", 1.85742251969, 3.90411586614, 0.576657795276
"M3", 1.89624649606, 3.89973346457, 0.580811338583
"M3", 1.93499826772, 3.89527870079, 0.58553484252
"M3", 1.97362555118, 3.89070224409, 0.591084055118
"M3", 2.01216448819, 3.88601047244, 0.597122795276
"M3", 2.0505280315, 3.88125744094, 0.604154724409
"M3", 2.08865594488, 3.87639141732, 0.612297283465
"M3", 2.12648692913, 3.87146866142, 0.621692716535
"M3", 2.16386826772, 3.86652216535, 0.632725669291
"M3", 2.20052645669, 3.86154503937, 0.645942480315
"M3", 2.23631354331, 3.85661326772, 0.661378307087
"M3", 2.27108527559, 3.85174098425, 0.679000551181
"M3", 2.30472279528, 3.84692783465, 0.698718425197
"M3", 2.33713811024, 3.84224299213, 0.720415866142
"M3", 2.36822248031, 3.83766322835, 0.744
"M3", 2.39798283465, 3.83322677165, 0.769260748031
"M3", 2.42626385827, 3.82895972441, 0.796196417323
"M3", 2.45323629921, 3.82482783465, 0.824461141732
"M3", 2.47871818898, 3.82089629921, 0.85410507874
"M3", 2.50288641732, 3.81710712598, 0.884847480315
"M3", 2.52563507874, 3.81352311024, 0.916679251969
"M3", 2.54704452756, 3.81009980315, 0.949443818898
"M3", 2.56724440945, 3.80685429134, 0.982986811024
"M3", 2.58614755906, 3.8037830315, 1.01729334646
"M3", 2.60385169291, 3.80088354331, 1.05224791339
"M3", 2.62046905512, 3.79815110236, 1.08774531496
"M3", 2.63600716535, 3.79556070866, 1.12373913386
"M3", 2.65054417323, 3.79313551181, 1.16016141732
"M3", 2.66407582677, 3.79085811024, 1.19697834646
"M3", 2.67668385827, 3.7887161811, 1.23412996063
"M3", 2.68839409449, 3.78672681102, 1.2715826378
"M3", 2.69922480315, 3.78487385827, 1.30930515748
"M3", 2.70903429134, 3.78317826772, 1.3473126378
"M3", 2.71784232283, 3.78165476378, 1.38557267717
"M3", 2.72610070866, 3.78022531496, 1.4239603937
"M3", 2.73410405512, 3.7788292126, 1.46240322835
"M3", 2.74160007874, 3.77751027559, 1.50095047244
"M3", 2.74845062992, 3.77630397638, 1.53962141732
"M3", 2.75483559055, 3.77518, 1.57837484252
"M3", 2.76106015748, 3.77408035433, 1.617155
"M3", 2.76739437008, 3.77295185039, 1.65591669291
"M3", 2.77397066929, 3.77177409449, 1.69463645669
"M3", 2.78067492126, 3.77057322835, 1.73333370079
"M3", 2.78743354331, 3.76935913386, 1.77202090551
"M3", 2.79440149606, 3.76809877953, 1.81066901575
"M3", 2.80201019685, 3.76670929134, 1.8491911811
"M3", 2.81060468504, 3.76513925197, 1.88749720472
"M3", 2.82176610236, 3.76308291339, 1.92508909449
"M3", 2.85108791339, 3.75757141732, 1.9490857874
"M3", 2.88704519685, 3.75056440945, 1.96306212598
"M3", 2.90994629921, 3.74595791339, 1.99372059055
"M3", 2.91828334646, 3.74425484252, 2.03200574803
"M3", 2.92312200787, 3.7432419685, 2.0709838189
"M3", 2.9273434252, 3.74235318898, 2.11003759843
"M3", 2.93039275591, 3.7417115748, 2.1492034252
"M3", 2.93211, 3.74135023622, 2.18845472441
"M3", 2.93318141732, 3.74112468504, 2.22773137795
"M3", 2.93449283465, 3.74084862205, 2.26700023622
"M3", 2.93611149606, 3.7405080315, 2.30625751969
"M3", 2.93759051181, 3.74019681102, 2.34552023622
"M3", 2.938865, 3.73992858268, 2.38479074803
"M3", 2.94007759843, 3.73967358268, 2.42406318898
"M3", 2.941055, 3.73946783465, 2.46334240157
"M3", 2.94131062992, 3.73941377953, 2.50263228346
"M3", 2.94130429134, 3.73941527559, 2.54192440945
"M3", 2.94130519685, 3.73941496063, 2.58121641732
"M3", 2.94133582677, 3.73940866142, 2.62050838583
"M3", 2.9316588189, 3.74144515748, 2.6576953937
"M3", 2.90128153543, 3.74770125984, 2.68053370079
"M3", 2.86319102362, 3.7552561811, 2.6863846063
"M3", 2.82492, 3.76249480315, 2.69155968504
"M3", 2.78662614173, 3.76950811024, 2.6968696063
"M3", 2.74843740157, 3.77631090551, 2.70313114173
"M3", 2.71025019685, 3.78297429134, 2.70954822835
"M3", 2.67208129921, 3.78951153543, 2.71620141732
"M3", 2.63389826772, 3.79593586614, 2.72288283465
"M3", 2.59569602362, 3.80224181102, 2.72956759843
"M3", 2.55747397638, 3.80842314961, 2.73625562992
"M3", 2.51923795276, 3.8145134252, 2.74294606299
"M3", 2.48098944882, 3.82052385827, 2.74963889764
"M3", 2.4427280315, 3.82644893701, 2.75633385827
"M3", 2.40445338583, 3.8322734252, 2.76304110236
"M3", 2.36616181102, 3.83798523622, 2.76974866142
"M3", 2.32784720472, 3.84359192913, 2.77641295276
"M3", 2.28949901575, 3.84910523622, 2.78296133858
"M3", 2.25108440945, 3.85454251969, 2.78917358268
"M3", 2.21260102362, 3.85988429134, 2.79503468504
"M3", 2.17409208661, 3.86513929134, 2.80080598425
"M3", 2.1355703937, 3.87028850394, 2.80658783465
"M3", 2.09703311024, 3.87531700787, 2.81237173228
"M3", 2.05848377953, 3.88024937008, 2.81815748031
"M3", 2.01991224409, 3.88505531496, 2.82390232283
"M3", 1.98125102362, 3.88979602362, 2.82906480315
"M3", 1.94253681102, 3.89441031496, 2.83394161417
"M3", 1.90380531496, 3.89889212598, 2.83880370079
"M3", 1.86503059055, 3.90327933071, 2.84339755906
"M3", 1.82618102362, 3.9075265748, 2.84746366142
"M3", 1.78731062992, 3.91165153543, 2.8514561811
"M3", 1.74842055118, 3.91564346457, 2.85539102362
"M3", 1.7094853937, 3.91949570866, 2.85900535433
"M3", 1.67052771654, 3.92320889764, 2.86252181102
"M3", 1.63154555118, 3.92676976378, 2.86592346457
"M3", 1.59252031496, 3.93018106299, 2.86896291339
"M3", 1.55343933071, 3.93343137795, 2.87140464567
"M3", 1.51431511811, 3.93651255906, 2.87328224409
"M3", 1.47515153543, 3.93941685039, 2.87455401575
"M3", 1.43595614173, 3.94213700787, 2.87494779528
"M3", 1.39674826772, 3.9446657874, 2.87471980315
"M3", 1.35753543307, 3.94698555118, 2.87381090551
"M3", 1.31834015748, 3.94908153543, 2.87205374016
"M3", 1.27915165354, 3.95094472441, 2.86989976378
"M3", 1.24000751969, 3.95254870079, 2.8669053937
"M3", 1.20087279528, 3.95391748031, 2.86367311024
"M3", 1.16172791339, 3.95502287402, 2.86046066929
"M3", 1.12257771654, 3.95588492126, 2.85723980315
"M3", 1.08344858268, 3.95656555118, 2.85373476378
"M3", 1.04437279528, 3.95702330709, 2.84964732283
"M3", 1.00531720472, 3.95725822835, 2.84535055118
"M3", 0.966257480315, 3.95728102362, 2.84108468504
"M3", 0.927210511811, 3.9570719685, 2.83670980315
"M3", 0.888236653543, 3.95664003937, 2.83174318898
"M3", 0.849318937008, 3.95597023622, 2.82637468504
"M3", 0.81041011811, 3.95508834646, 2.82097251969
"M3", 0.771506141732, 3.95398716535, 2.81557547244
