-90.533791, 91.794266, 39.00597
-87.727081, 92.241463, 56.208206
-90.533791, 91.794266, 65.761276
-87.727081, 92.241463, 82.963509
87.727081, 92.241463, 56.208206
90.533791, 91.794266, 39.00597
87.727081, 92.241463, 82.963509
90.533791, 91.794266, 65.761276
13.482614, 100.183632, 58.009762
-14.069292, 100.207886, 51.871239
-63.311607, 96.995728, 36.967808
18.610449, 100.398674, 71.363678
-87.727081, 92.241463, 56.208206
-90.533791, 91.794266, 39.00597
-88.138275, 92.175941, 25.652067
-87.727081, 92.241463, 82.963509
-90.533791, 91.794266, 65.761276
-59.018475, 97.643135, 58.079189
23.463715, 100.508774, 22.568987
14.153911, 100.211571, 51.96743
118.314896, 88.522636, 29.147228
87.727081, 92.241463, 56.208206
90.533791, 91.794266, 39.00597
87.727081, 92.241463, 82.963509
90.533791, 91.794266, 65.761276
-90.377861, 91.819115, 39.961651
-90.221931, 91.843956, 40.917332
-90.066002, 91.868797, 41.873009
-89.91008, 91.893646, 42.82869
-89.75415, 91.918488, 43.78437
-89.598221, 91.943329, 44.740047
-89.442291, 91.968178, 45.695728
-89.286362, 91.993019, 46.651409
-89.130432, 92.01786, 47.60709
-88.97451, 92.042709, 48.562767
-88.818581, 92.067551, 49.518448
-88.662651, 92.0924, 50.474129
-88.506721, 92.117241, 51.429806
-88.350792, 92.142082, 52.385487
-88.19487, 92.166931, 53.341167
-88.03894, 92.191772, 54.296844
-87.883011, 92.216614, 55.252525
-90.377861, 91.819115, 66.716957
-90.221931, 91.843956, 67.67263
-90.066002, 91.868797, 68.628311
-89.91008, 91.893646, 69.583992
-89.75415, 91.918488, 70.539673
-89.598221, 91.943329, 71.495354
-89.442291, 91.968178, 72.451035
-89.286362, 91.993019, 73.406715
-89.130432, 92.01786, 74.362389
-88.97451, 92.042709, 75.318069
-88.818581, 92.067551, 76.27375
-88.662651, 92.0924, 77.229431
-88.506721, 92.117241, 78.185112
-88.350792, 92.142082, 79.140793
-88.19487, 92.166931, 80.096474
-88.03894, 92.191772, 81.052147
-87.883011, 92.216614, 82.007828
87.883011, 92.216614, 55.252525
88.03894, 92.191772, 54.296844
88.19487, 92.166931, 53.341167
88.350792, 92.142082, 52.385487
88.506721, 92.117241, 51.429806
88.662651, 92.0924, 50.474129
88.818581, 92.067551, 49.518448
88.97451, 92.042709, 48.562767
89.130432, 92.01786, 47.60709
89.286362, 91.993019, 46.651409
89.442291, 91.968178, 45.695728
89.598221, 91.943329, 44.740047
89.75415, 91.918488, 43.78437
89.91008, 91.893646, 42.82869
90.066002, 91.868797, 41.873009
90.221931, 91.843956, 40.917332
90.377861, 91.819115, 39.961651
87.883011, 92.216614, 82.007828
88.03894, 92.191772, 81.052147
88.19487, 92.166931, 80.096474
88.350792, 92.142082, 79.140793
88.506721, 92.117241, 78.185112
88.662651, 92.0924, 77.229431
88.818581, 92.067551, 76.27375
88.97451, 92.042709, 75.318069
89.130432, 92.01786, 74.362389
89.286362, 91.993019, 73.406715
89.442291, 91.968178, 72.451035
89.598221, 91.943329, 71.495354
89.75415, 91.918488, 70.539673
89.91008, 91.893646, 69.583992
90.066002, 91.868797, 68.628311
90.221931, 91.843956, 67.67263
90.377861, 91.819115, 66.716957
12.953185, 100.162727, 57.163834
12.550134, 100.148094, 56.250343
12.254787, 100.138222, 55.2962
12.061932, 100.132523, 54.316254
11.960133, 100.129547, 53.322456
11.918238, 100.128326, 52.324203
11.925831, 100.128548, 51.325043
11.971196, 100.129875, 50.326866
12.05213, 100.13224, 49.330952
12.153971, 100.135216, 48.336967
12.279363, 100.138985, 47.345623
12.426763, 100.143875, 46.357315
12.594257, 100.14959, 45.372238
12.776307, 100.155922, 44.389755
12.974285, 100.163605, 43.410343
13.189413, 100.172081, 42.434551
13.420087, 100.181168, 41.462341
13.664504, 100.19088, 40.493507
13.925669, 100.201759, 39.529057
14.205861, 100.213837, 38.569981
14.507451, 100.226967, 37.61747
14.831795, 100.241104, 36.67244
15.160752, 100.255455, 35.728989
15.489684, 100.269821, 34.78553
15.818729, 100.284195, 33.84211
16.167107, 100.299408, 32.905693
16.536953, 100.315559, 31.977564
16.929422, 100.33268, 31.058805
17.347218, 100.350166, 30.151342
17.799742, 100.36779, 29.260685
18.290367, 100.386864, 28.390497
18.824087, 100.406105, 27.546108
19.408047, 100.425682, 26.735674
20.045591, 100.444687, 25.966805
20.745337, 100.463112, 25.254154
21.508741, 100.480087, 24.610209
22.335934, 100.495094, 24.050816
23.212275, 100.506157, 23.571365
24.121056, 100.512955, 23.156349
25.052902, 100.515289, 22.79582
26.002005, 100.512352, 22.483513
26.963242, 100.504013, 22.210844
27.934055, 100.490479, 21.974739
28.912277, 100.471558, 21.771893
29.896561, 100.447426, 21.601637
30.883982, 100.41703, 21.451868
31.874485, 100.379997, 21.325262
32.867661, 100.336311, 21.224291
33.86224, 100.28701, 21.141876
34.857693, 100.231575, 21.074751
35.854107, 100.170753, 21.030573
36.850548, 100.104721, 20.99585
37.847149, 100.033623, 20.980091
38.843529, 99.958267, 20.975903
39.839489, 99.877869, 20.986423
40.834927, 99.793633, 21.00794
41.829712, 99.704987, 21.040485
42.823708, 99.612778, 21.084499
43.816719, 99.516518, 21.140909
44.809414, 99.416801, 21.196829
45.800644, 99.313759, 21.269335
46.789928, 99.207336, 21.361092
47.776604, 99.097298, 21.474335
48.758617, 98.985649, 21.621264
49.733196, 98.870895, 21.809208
50.696182, 98.755531, 22.049133
51.642063, 98.638977, 22.349197
52.573341, 98.521469, 22.691572
53.480503, 98.40506, 23.093601
54.355244, 98.290092, 23.562336
55.193981, 98.178383, 24.093533
55.992809, 98.069664, 24.683367
56.69907, 97.972404, 25.382381
57.333138, 97.883621, 26.149267
57.918278, 97.801247, 26.954922
58.465305, 97.722694, 27.787342
58.980301, 97.648643, 28.6404
59.467522, 97.577644, 29.509897
59.92625, 97.51004, 30.395056
60.360874, 97.445969, 31.292519
60.772717, 97.384483, 32.200798
61.161926, 97.325768, 33.119209
61.528217, 97.270515, 34.047256
61.867634, 97.21904, 34.985664
62.179428, 97.171104, 35.933788
62.462765, 97.127403, 36.890999
62.713814, 97.088692, 37.857365
62.930275, 97.055252, 38.832279
63.107868, 97.027679, 39.815144
63.244938, 97.006218, 40.80471
63.356434, 96.98867, 41.797558
63.439777, 96.975548, 42.793224
63.496506, 96.966614, 43.79081
63.524277, 96.962242, 44.789658
63.521023, 96.962753, 45.788883
63.487984, 96.967957, 46.787556
63.419746, 96.978699, 47.784386
63.316738, 96.994919, 48.778141
63.172413, 97.017593, 49.766575
62.98315, 97.047089, 50.747185
62.743515, 97.084114, 51.716434
62.446957, 97.129845, 52.669395
62.081593, 97.186188, 53.597469
61.638649, 97.253845, 54.490261
61.130459, 97.330513, 55.347034
60.575871, 97.414017, 56.173882
59.979801, 97.50238, 56.970848
59.337379, 97.596786, 57.730198
58.653294, 97.695663, 58.451633
57.92487, 97.800301, 59.12735
57.15266, 97.90889, 59.751793
56.337124, 98.022667, 60.317463
55.47916, 98.139587, 60.815647
54.589836, 98.25946, 61.254959
53.679955, 98.379349, 61.650051
52.75375, 98.498886, 62.005348
51.81422, 98.617615, 62.324081
50.864014, 98.735161, 62.609959
49.90633, 98.850365, 62.870827
48.941452, 98.964485, 63.104244
47.970699, 99.075256, 63.313679
46.995369, 99.184746, 63.501392
46.015602, 99.290863, 63.666592
45.032364, 99.393944, 63.811863
44.045525, 99.493835, 63.932816
43.056293, 99.590492, 64.035736
42.064445, 99.683533, 64.112885
41.07011, 99.773064, 64.154472
40.074707, 99.858368, 64.173653
39.078796, 99.939529, 64.16983
38.082558, 100.016487, 64.15966
37.086075, 100.088226, 64.140991
36.089813, 100.15583, 64.103554
35.093212, 100.217659, 64.065025
34.09687, 100.274452, 64.014557
33.101025, 100.325569, 63.949833
32.104916, 100.370514, 63.884506
31.10956, 100.409348, 63.805664
30.115318, 100.441055, 63.710835
29.120905, 100.466698, 63.615971
28.12759, 100.487053, 63.509525
27.13599, 100.501915, 63.386986
26.146555, 100.510963, 63.24754
25.159609, 100.515198, 63.091465
24.175322, 100.513466, 62.919353
23.195341, 100.505966, 62.724186
22.222178, 100.493149, 62.497971
21.258829, 100.474884, 62.233528
20.308125, 100.452042, 61.926807
19.364107, 100.424118, 61.600441
18.428976, 100.392189, 61.249882
17.505318, 100.356354, 60.87059
16.601917, 100.318474, 60.445541
15.72719, 100.280197, 59.96455
14.89727, 100.243958, 59.410011
14.138489, 100.210884, 58.761818
-14.852935, 100.24202, 52.466743
-15.786153, 100.282768, 52.784599
-16.769033, 100.325706, 52.881641
-17.757975, 100.366325, 52.891777
-18.740778, 100.403206, 52.799232
-19.652073, 100.433098, 52.42659
-20.38953, 100.454002, 51.772812
-20.941248, 100.467773, 50.952892
-21.37941, 100.477638, 50.06572
-21.700455, 100.483932, 49.13015
-21.951273, 100.488777, 48.172718
-22.177612, 100.492523, 47.209099
-22.404438, 100.495918, 46.245594
-22.636673, 100.499443, 45.283382
-22.875586, 100.502563, 44.322819
-23.130751, 100.50528, 43.366425
-23.401335, 100.508148, 42.41433
-23.687418, 100.510582, 41.466728
-23.990219, 100.512352, 40.524376
-24.315191, 100.514183, 39.58942
-24.654526, 100.514931, 38.659565
-24.997356, 100.515236, 37.73098
-25.348948, 100.515007, 36.805687
-25.708424, 100.513565, 35.883423
-26.095329, 100.511841, 34.972374
-26.510763, 100.508316, 34.073997
-26.938616, 100.504341, 33.1814
-27.388968, 100.498428, 32.300148
-27.897282, 100.490959, 31.451084
-28.440811, 100.480927, 30.623877
-28.956747, 100.470566, 29.779652
-29.326958, 100.461609, 28.864012
-29.450655, 100.458557, 27.885124
-29.217422, 100.464317, 26.930618
-28.66161, 100.476616, 26.115768
-27.931152, 100.490509, 25.450167
-27.069637, 100.502815, 24.970055
-26.102467, 100.511681, 24.781021
-25.12409, 100.515366, 24.903732
-24.21452, 100.513657, 25.287716
-23.404585, 100.508141, 25.854509
-22.689224, 100.500175, 26.537651
-22.052656, 100.490524, 27.295135
-21.452555, 100.479088, 28.082184
-20.878666, 100.466286, 28.888514
-20.331255, 100.452522, 29.713058
-19.812485, 100.438011, 30.555901
-19.318769, 100.42263, 31.413643
-18.852343, 100.407074, 32.286526
-18.410892, 100.391479, 33.17231
-17.99761, 100.375473, 34.071541
-17.599997, 100.360031, 34.977837
-17.223698, 100.345207, 35.89325
-16.867037, 100.329971, 36.816475
-16.525063, 100.315041, 37.745224
-16.191231, 100.300461, 38.676971
-15.857552, 100.285889, 39.608768
-15.523668, 100.271309, 40.540497
-15.193332, 100.256882, 41.473476
-14.878192, 100.243126, 42.411716
-14.568324, 100.229622, 43.351711
-14.269664, 100.216614, 44.295341
-13.984658, 100.204201, 45.243156
-13.712873, 100.192764, 46.194874
-13.470553, 100.183151, 47.154499
-13.273526, 100.175392, 48.124321
-13.187024, 100.171982, 49.10915
-13.263393, 100.174995, 50.095066
-13.534069, 100.185654, 51.044327
-63.038692, 97.038376, 36.007256
-62.734005, 97.085556, 35.056492
-62.404877, 97.136337, 34.114101
-62.046307, 97.191628, 33.182785
-61.668892, 97.24926, 32.259102
-61.267719, 97.309807, 31.345623
-60.841255, 97.374138, 30.443928
-60.39032, 97.441605, 29.554495
-59.919762, 97.511002, 28.675468
-59.41898, 97.584801, 27.813627
-58.889351, 97.661728, 26.969526
-58.326401, 97.742661, 26.147688
-57.72308, 97.828934, 25.355661
-57.068565, 97.92067, 24.606213
-56.336391, 98.022766, 23.934896
-55.528549, 98.132866, 23.356934
-54.685886, 98.246414, 22.831827
-53.808834, 98.362167, 22.367044
-52.902058, 98.479462, 21.963694
-51.971882, 98.597992, 21.617828
-51.026756, 98.714798, 21.314423
-50.065674, 98.831635, 21.066536
-49.092781, 98.946777, 20.86886
-48.111683, 99.059296, 20.714703
-47.125626, 99.170494, 20.595245
-46.136818, 99.277863, 20.49666
-45.145908, 99.382164, 20.41749
-44.153118, 99.483284, 20.360769
-43.159897, 99.580421, 20.304577
-42.16605, 99.674149, 20.25428
-41.171124, 99.763855, 20.22031
-40.175716, 99.850044, 20.192307
-39.179562, 99.931519, 20.181856
-38.183041, 100.008736, 20.178226
-37.186237, 100.081398, 20.191706
-36.189381, 100.149101, 20.218098
-35.19265, 100.211792, 20.259077
-34.196579, 100.268829, 20.319172
-33.201023, 100.320572, 20.391495
-32.207226, 100.36631, 20.488163
-31.215302, 100.405495, 20.604364
-30.225481, 100.437866, 20.73934
-29.239447, 100.463852, 20.901001
-28.258001, 100.484482, 21.088886
-27.282721, 100.499954, 21.307049
-26.315693, 100.510056, 21.559551
-25.358938, 100.514969, 21.848576
-24.415871, 100.514565, 22.179556
-23.490963, 100.508705, 22.558142
-22.590635, 100.498795, 22.99181
-21.723871, 100.48439, 23.488901
-20.907991, 100.467033, 24.065258
-20.150679, 100.447777, 24.716709
-19.452593, 100.426849, 25.43137
-18.812349, 100.40567, 26.198332
-18.224785, 100.3843, 27.006477
-17.683794, 100.363319, 27.846561
-17.185701, 100.343475, 28.712816
-16.725988, 100.323807, 29.600084
-16.299099, 100.305168, 30.503645
-15.900959, 100.287781, 31.420296
-15.526432, 100.271431, 32.346859
-15.170482, 100.255882, 33.280731
-14.83857, 100.241394, 34.223423
-14.509504, 100.227058, 35.167137
-14.180438, 100.21273, 36.110847
-13.852253, 100.198532, 37.054863
-13.541703, 100.185959, 38.004829
-13.254873, 100.17466, 38.962242
-12.987044, 100.164108, 39.925159
-12.735723, 100.154457, 40.892536
-12.50002, 100.146378, 41.863853
-12.279796, 100.139046, 42.838791
-12.07487, 100.132904, 43.817055
-11.883325, 100.127312, 44.798035
-11.709282, 100.122742, 45.782295
-11.555124, 100.119133, 46.769852
-11.418668, 100.115936, 47.759964
-11.30143, 100.113434, 48.752567
-11.210178, 100.111855, 49.747932
-11.145871, 100.110794, 50.745327
-11.116377, 100.110306, 51.744377
-11.128643, 100.110504, 52.743752
-11.189384, 100.111511, 53.741287
-11.316371, 100.113724, 54.732483
-11.535849, 100.118683, 55.707142
-11.847131, 100.126419, 56.656544
-12.258947, 100.138397, 57.566586
-12.785653, 100.156258, 58.414951
-13.425693, 100.181381, 59.181213
-14.162139, 100.211868, 59.855377
-14.972278, 100.247231, 60.43898
-15.831375, 100.284744, 60.948013
-16.723429, 100.3237, 61.396923
-17.637424, 100.361511, 61.799507
-18.567408, 100.397186, 62.164063
-19.507212, 100.428619, 62.502911
-20.454634, 100.455826, 62.820225
-21.409897, 100.478241, 63.11319
-22.377752, 100.495598, 63.361961
-23.354408, 100.507645, 63.573929
-24.33539, 100.514038, 63.765434
-25.320923, 100.515114, 63.932133
-26.309307, 100.510094, 64.080757
-27.299475, 100.499786, 64.216743
-28.291571, 100.483826, 64.337456
-29.285826, 100.462997, 64.437706
-30.280487, 100.436188, 64.532623
-31.275103, 100.403358, 64.62606
-32.271099, 100.363388, 64.699745
-33.267456, 100.317581, 64.7649
-34.263607, 100.265144, 64.828217
-35.260368, 100.207573, 64.875183
-36.25721, 100.144707, 64.913017
-37.253792, 100.076454, 64.948135
-38.250561, 100.003845, 64.963509
-39.247021, 99.92617, 64.97403
-40.243156, 99.84433, 64.973351
-41.238689, 99.758064, 64.951508
-42.233051, 99.667992, 64.905815
-43.224792, 99.574112, 64.824562
-44.214287, 99.477058, 64.721794
-45.201046, 99.376457, 64.598526
-46.184349, 99.272797, 64.452141
-47.164185, 99.166161, 64.286003
-48.139736, 99.056053, 64.098282
-49.110531, 98.944672, 63.888031
-50.075863, 98.830269, 63.655426
-51.034222, 98.713898, 63.396458
-51.984608, 98.59639, 63.110107
-52.925377, 98.476639, 62.794613
-53.853725, 98.3563, 62.444431
-54.766838, 98.23571, 62.056435
-55.660564, 98.114891, 61.625751
-56.527328, 97.996368, 61.142727
-57.356213, 97.880386, 60.596706
-58.143616, 97.768944, 59.991524
-58.890335, 97.661583, 59.336063
-59.594669, 97.558891, 58.634521
-60.257599, 97.461205, 57.893047
-60.878502, 97.368591, 57.115433
-61.459698, 97.280846, 56.30714
-61.997051, 97.199203, 55.468433
-62.487686, 97.123566, 54.60107
-62.908756, 97.058487, 53.697254
-63.260422, 97.003677, 52.763454
-63.54797, 96.958511, 51.807415
-63.782585, 96.921562, 50.836628
-63.96944, 96.892136, 49.855225
-64.111595, 96.869736, 48.866161
-64.214821, 96.853401, 47.872139
-64.283592, 96.842476, 46.875069
-64.319908, 96.836685, 45.876225
-64.323921, 96.836044, 44.876717
-64.30027, 96.839813, 43.877483
-64.246841, 96.84832, 42.879425
-64.167625, 96.860878, 41.883125
-64.060905, 96.877731, 40.889454
-63.928322, 96.898613, 39.898979
-63.760578, 96.925026, 38.914051
-63.554077, 96.95755, 37.936687
17.626245, 100.361595, 71.202423
16.642031, 100.320313, 71.042252
15.657552, 100.277191, 70.884209
14.672578, 100.233871, 70.729332
13.686904, 100.191673, 70.578659
12.700296, 100.15303, 70.433243
11.712481, 100.123276, 70.294106
10.723379, 100.105347, 70.162308
9.733043, 100.104591, 70.038895
8.74183, 100.126823, 69.924957
7.74998, 100.166283, 69.821571
6.757767, 100.221672, 69.729683
5.765802, 100.296967, 69.650185
4.775204, 100.398186, 69.583649
3.786986, 100.526703, 69.529907
2.801218, 100.676971, 69.488762
1.814154, 100.821365, 69.459953
0.821777, 100.924561, 69.443436
-0.175154, 100.958717, 69.439369
-1.170922, 100.894958, 69.447838
-2.161256, 100.774193, 69.468689
-3.147108, 100.622482, 69.501816
-4.133651, 100.478828, 69.547363
-5.122793, 100.359879, 69.605583
-6.113887, 100.266846, 69.676659
-7.10602, 100.198944, 69.760559
-8.098203, 100.150459, 69.856636
-9.089844, 100.116402, 69.963875
-10.080798, 100.101761, 70.081268
-11.070715, 100.110069, 70.207748
-12.059364, 100.132469, 70.342255
-13.046724, 100.166161, 70.483711
-14.032994, 100.205971, 70.631096
-15.018416, 100.248299, 70.783371
-16.003183, 100.291893, 70.939476
-16.987516, 100.335205, 71.098389
-17.971695, 100.375366, 71.259056
-18.956018, 100.410568, 71.420006
-19.94309, 100.441574, 71.563911
-20.931314, 100.467499, 71.700951
-21.919636, 100.488197, 71.838165
-22.908411, 100.502914, 71.972824
-23.89917, 100.512192, 72.092468
-24.89122, 100.515182, 72.201401
-25.883282, 100.513, 72.310219
-26.875353, 100.504906, 72.418678
-27.868336, 100.491409, 72.517784
-28.862518, 100.472359, 72.60302
-29.856926, 100.448593, 72.684395
-30.851143, 100.418404, 72.765968
-31.845112, 100.38118, 72.847679
-32.83979, 100.33783, 72.916016
-33.835167, 100.288399, 72.969139
-34.831017, 100.233131, 73.003197
-35.826946, 100.172386, 73.024567
-36.822769, 100.106529, 73.021233
-37.818085, 100.035789, 73.004311
-38.812595, 99.960396, 72.968262
-39.805832, 99.88063, 72.912422
-40.797989, 99.796677, 72.844879
-41.788948, 99.708725, 72.765495
-42.778755, 99.616798, 72.676819
-43.76815, 99.521317, 72.587265
-44.756718, 99.422203, 72.492752
-45.744255, 99.319542, 72.391396
-46.731415, 99.213783, 72.289566
-47.717659, 99.103928, 72.183372
-48.701981, 98.9916, 72.062874
-49.685513, 98.876541, 71.938507
-50.668694, 98.75843, 71.814262
-51.649792, 98.637718, 71.676834
-52.629147, 98.514275, 71.529671
-53.608192, 98.388268, 71.382591
-54.586864, 98.259178, 71.235703
-55.565224, 98.127693, 71.088867
-56.543301, 97.99424, 70.941933
-57.520321, 97.857559, 70.790977
-58.495384, 97.718979, 70.629509
-59.468884, 97.577461, 70.46125
-60.441788, 97.433403, 70.29174
-61.41433, 97.2873, 70.121857
-62.386494, 97.138992, 69.951744
-63.358269, 96.988304, 69.781509
-64.329651, 96.835068, 69.611282
-65.300621, 96.679115, 69.441193
-66.271187, 96.520393, 69.271332
-67.241394, 96.359451, 69.101563
-68.211037, 96.195526, 68.931358
-69.18055, 96.028488, 68.763512
-70.150719, 95.857979, 68.603111
-71.121521, 95.683472, 68.451271
-72.094017, 95.503677, 68.317314
-73.033745, 95.323349, 68.047012
-73.828201, 95.164284, 67.471558
-74.429131, 95.04007, 66.689262
-74.692802, 94.984581, 65.736343
-74.708664, 94.981247, 64.738724
-74.708351, 94.981308, 63.740707
-74.705345, 94.981941, 62.74271
-74.682487, 94.986755, 61.744968
-74.652199, 94.993126, 60.747433
-74.620453, 94.999809, 59.749943
-74.583755, 95.00753, 58.752636
-74.542412, 95.016235, 57.755512
-74.507736, 95.023529, 56.758129
-74.480011, 95.029366, 55.760517
-74.441597, 95.037453, 54.763294
-74.370125, 95.05249, 53.768024
-74.26667, 95.074265, 52.775646
-74.14798, 95.099159, 51.78503
-73.966095, 95.136528, 50.805317
-73.47023, 95.236328, 49.972626
-72.596199, 95.408249, 49.569378
-71.77594, 95.563087, 49.058346
-71.435959, 95.626022, 48.129265
-71.2117, 95.666992, 47.157745
-71.013306, 95.703232, 46.180351
-70.833061, 95.735916, 45.199318
-70.661873, 95.76664, 44.216572
-70.491249, 95.797249, 43.233723
-70.323524, 95.827332, 42.250362
-70.160362, 95.856438, 41.266205
-70.002007, 95.884453, 40.281231
-69.84137, 95.91275, 39.296635
-69.670822, 95.942749, 38.313763
-69.483635, 95.975685, 37.334026
-69.282341, 96.010895, 36.357159
-69.073387, 96.047081, 35.381935
-68.854454, 96.084946, 34.409004
-68.610428, 96.127144, 33.442257
-68.339119, 96.173683, 32.483006
-68.04525, 96.223633, 31.530575
-67.729454, 96.277283, 30.585405
-67.391068, 96.334396, 29.648277
-67.028168, 96.394966, 28.720581
-66.638603, 96.459953, 27.804071
-66.221359, 96.528763, 26.900126
-65.776123, 96.601677, 26.009985
-65.302422, 96.678894, 25.135033
-64.796761, 96.76017, 24.278524
-64.257706, 96.846588, 23.443148
-63.687256, 96.936577, 22.629293
-63.080513, 97.031952, 21.84277
-62.439232, 97.131035, 21.084614
-61.762375, 97.2351, 20.358772
-61.048943, 97.342911, 19.669395
-60.301567, 97.454399, 19.017633
-59.518063, 97.570206, 18.410643
-58.700874, 97.688965, 17.850374
-57.852306, 97.810562, 17.339617
-56.974327, 97.933876, 16.881762
-56.070477, 98.059074, 16.477976
-55.143257, 98.185265, 16.131531
-54.196732, 98.311012, 15.841554
-53.237625, 98.436584, 15.596122
-52.270485, 98.560165, 15.383274
-51.297268, 98.68203, 15.198906
-50.319054, 98.80143, 15.041457
-49.338257, 98.918121, 14.898479
-48.354332, 99.031715, 14.77601
-47.368752, 99.143562, 14.665994
-46.381313, 99.251762, 14.569601
-45.392155, 99.356712, 14.488498
-44.401978, 99.45829, 14.41612
-43.410629, 99.556427, 14.355867
-42.418125, 99.650963, 14.311193
-41.424751, 99.741669, 14.280263
-40.430637, 99.828407, 14.264455
-39.436054, 99.911041, 14.261083
-38.441113, 99.989258, 14.258337
-37.445847, 100.063133, 14.260779
-36.450306, 100.131912, 14.275089
-35.45454, 100.195946, 14.294057
-34.459133, 100.254669, 14.335757
-33.463665, 100.30777, 14.38303
-32.469193, 100.354973, 14.452462
-31.47505, 100.395981, 14.529823
-30.482664, 100.43029, 14.629945
-29.491434, 100.457687, 14.742339
-28.503426, 100.479706, 14.881356
-27.518845, 100.496574, 15.04347
-26.539024, 100.508064, 15.232667
-25.56535, 100.514153, 15.451442
-24.598774, 100.514687, 15.699716
-23.641308, 100.510338, 15.98105
-22.695238, 100.500298, 16.298439
-21.762484, 100.485168, 16.652828
-20.846188, 100.465515, 17.047634
-19.949224, 100.441933, 17.484341
-19.074301, 100.414742, 17.963491
-18.225147, 100.384331, 18.486769
-17.403799, 100.352394, 19.052629
-16.613731, 100.318909, 19.661318
-15.854394, 100.285751, 20.307968
-15.126734, 100.253975, 20.990168
-14.429383, 100.223572, 21.703384
-13.755762, 100.19458, 22.439156
-13.101695, 100.168625, 23.192471
-12.478809, 100.145676, 23.971819
-11.885695, 100.127502, 24.774183
-11.324549, 100.114029, 25.599329
-10.792969, 100.10553, 26.443867
-10.289147, 100.102173, 27.305351
-9.813004, 100.103775, 28.182442
-9.362517, 100.110153, 29.072964
-8.936202, 100.120636, 29.975269
-8.532324, 100.133339, 30.887814
-8.149483, 100.147873, 31.809347
-7.788438, 100.163589, 32.739632
-7.435211, 100.180702, 33.672863
-7.100432, 100.199585, 34.612862
-6.765246, 100.220634, 35.552673
-6.434422, 100.243256, 36.493988
-6.113583, 100.267586, 37.438713
-5.793573, 100.29451, 38.383652
-5.485529, 100.32296, 39.332485
-5.189638, 100.352379, 40.285175
-4.899544, 100.383728, 41.239574
-4.624702, 100.415848, 42.19846
-4.351036, 100.450317, 43.157604
-4.077414, 100.486473, 44.116695
-3.797911, 100.525414, 45.073975
-3.506821, 100.567879, 46.027576
-3.165122, 100.620506, 46.963509
-2.712757, 100.690758, 47.848923
-2.002291, 100.796318, 48.520912
-1.078163, 100.904053, 48.875381
-0.096133, 100.961159, 49.031532
0.892012, 100.919395, 48.921329
1.831898, 100.819901, 48.606964
2.606166, 100.707191, 48.008633
3.088823, 100.632355, 47.140167
3.447425, 100.576805, 46.210827
3.743701, 100.533379, 45.258873
4.024529, 100.49366, 44.302006
4.298711, 100.456993, 43.343094
4.572408, 100.42215, 42.383972
4.846461, 100.389801, 41.424866
5.132793, 100.35817, 40.469349
5.429059, 100.328331, 39.516788
5.732961, 100.29985, 38.566616
6.052284, 100.27243, 37.621464
6.372241, 100.247581, 36.676453
6.701169, 100.224884, 35.734478
7.036293, 100.203499, 34.794651
7.370904, 100.184502, 33.854591
7.719079, 100.166786, 32.919495
8.079558, 100.150612, 31.988997
8.457914, 100.136108, 31.065639
8.857453, 100.123039, 30.151196
9.279384, 100.111824, 29.246851
9.724778, 100.104691, 28.353792
10.19672, 100.102226, 27.474459
10.695459, 100.104652, 26.610069
11.219966, 100.112167, 25.761133
11.776004, 100.124329, 24.932522
12.362108, 100.141624, 24.124989
12.9796, 100.163803, 23.341333
13.628432, 100.189384, 22.583542
14.298615, 100.217857, 21.844637
14.990693, 100.248032, 21.126312
15.71269, 100.279556, 20.438114
16.46488, 100.312408, 19.783173
17.249603, 100.346252, 19.167618
18.064976, 100.37812, 18.593182
18.908909, 100.409042, 18.06163
19.77882, 100.437004, 17.573517
20.671778, 100.461243, 17.128706
21.584782, 100.481674, 16.726419
22.514027, 100.497597, 16.362928
23.458086, 100.508507, 16.039602
24.413252, 100.514565, 15.750528
25.378422, 100.514877, 15.496792
26.351065, 100.509789, 15.273495
27.329634, 100.499298, 15.077928
28.313412, 100.483871, 14.910801
29.300879, 100.462219, 14.767912
30.29146, 100.435875, 14.649689
31.283823, 100.402779, 14.548921
32.277546, 100.363045, 14.466014
33.271954, 100.317017, 14.394841
34.267296, 100.265045, 14.344155
35.262703, 100.207397, 14.300861
36.258438, 100.144485, 14.277864
37.254028, 100.076469, 14.26341
38.249359, 100.003677, 14.257887
39.244366, 99.9263, 14.260658
40.239021, 99.84449, 14.26307
41.233215, 99.758492, 14.277272
42.226788, 99.668541, 14.303933
43.219536, 99.57476, 14.344832
44.211018, 99.477318, 14.403991
45.201462, 99.376358, 14.473435
46.190891, 99.272057, 14.552081
47.178532, 99.164543, 14.647108
48.164661, 99.05323, 14.752608
49.148956, 98.940079, 14.872585
50.130089, 98.823837, 15.013535
51.108978, 98.704666, 15.166919
52.083412, 98.583939, 15.34553
53.051861, 98.460342, 15.552351
54.012768, 98.335304, 15.790995
54.962254, 98.209663, 16.071232
55.893372, 98.083244, 16.406939
56.802364, 97.957977, 16.799009
57.685566, 97.834221, 17.246614
58.539959, 97.711967, 17.747448
59.363308, 97.592972, 18.298563
60.152851, 97.476646, 18.8976
60.908764, 97.36396, 19.539223
61.627102, 97.255577, 20.223389
62.312202, 97.150627, 20.941313
62.959442, 97.050766, 21.694269
63.573315, 96.954521, 22.475126
64.151131, 96.863487, 23.283653
64.694931, 96.776535, 24.115873
65.208008, 96.694099, 24.967865
65.688148, 96.616089, 25.839251
66.137833, 96.542442, 26.727097
66.559914, 96.473038, 27.628731
66.954582, 96.407242, 28.542974
67.323822, 96.345642, 29.4681
67.667526, 96.287796, 30.40325
67.98777, 96.233391, 31.346901
68.28521, 96.182861, 32.298199
68.56031, 96.135796, 33.256351
68.809471, 96.092728, 34.221741
69.033195, 96.054031, 35.193546
69.242958, 96.017723, 36.168594
69.446243, 95.982262, 37.145042
69.636642, 95.948761, 38.124142
69.810646, 95.918121, 39.106384
69.972824, 95.889572, 40.090721
70.130928, 95.861641, 41.075737
70.291817, 95.832977, 42.060284
70.458855, 95.803062, 43.043766
70.629143, 95.77256, 44.026676
70.800812, 95.741722, 45.009331
70.977798, 95.709709, 45.990993
71.171059, 95.674416, 46.969456
71.389359, 95.634537, 47.942429
71.672859, 95.582306, 48.897263
72.417633, 95.442314, 49.506779
73.330948, 95.264336, 49.861778
73.912636, 95.147331, 50.640503
74.124397, 95.104073, 51.612946
74.247299, 95.078346, 52.602989
74.354523, 95.055771, 53.594955
74.431976, 95.039474, 54.589767
74.475594, 95.030296, 55.58675
74.502808, 95.024567, 56.584377
74.536118, 95.017555, 57.581806
74.577232, 95.008904, 58.578941
74.614799, 95.000999, 59.576214
74.647171, 94.994186, 60.573685
74.677971, 94.987709, 61.571205
74.702797, 94.982483, 62.568897
74.70929, 94.98111, 63.56686
74.709129, 94.981148, 64.56488
74.709152, 94.98114, 65.562897
74.70993, 94.98098, 66.560913
74.464134, 95.032707, 67.505463
73.692551, 95.191612, 68.085556
72.725052, 95.383507, 68.234169
71.752968, 95.567368, 68.365616
70.780304, 95.745506, 68.500488
69.81031, 95.918297, 68.659531
68.840355, 96.087547, 68.822525
67.870865, 96.253593, 68.991516
66.901016, 96.416771, 69.161224
65.930679, 96.576942, 69.331017
64.959839, 96.733948, 69.500893
63.988644, 96.888641, 69.67083
63.017132, 97.041306, 69.840828
62.045292, 97.191803, 70.01088
61.073116, 97.339745, 70.181244
60.10051, 97.484825, 70.351616
59.127319, 97.627235, 70.520889
58.153275, 97.767273, 70.687218
57.177544, 97.90538, 70.845009
56.200066, 98.041061, 70.993881
55.221939, 98.174538, 71.140472
54.243488, 98.305328, 71.287331
53.264641, 98.433052, 71.434242
52.285488, 98.558334, 71.5812
51.305771, 98.680405, 71.727119
50.323776, 98.800819, 71.858246
49.340435, 98.918022, 71.982117
48.356655, 99.03186, 72.105614
47.371777, 99.143295, 72.222298
46.384998, 99.251175, 72.325577
45.39769, 99.355949, 72.426987
44.409882, 99.457344, 72.526932
43.420929, 99.555191, 72.618736
42.431404, 99.649506, 72.708054
41.441257, 99.739952, 72.794456
40.450016, 99.826599, 72.871658
39.457359, 99.909157, 72.933678
38.463604, 99.987419, 72.981369
37.468849, 100.061188, 73.013672
36.473286, 100.13028, 73.023674
35.477406, 100.194511, 73.017883
34.4814, 100.253433, 72.994797
33.48584, 100.306671, 72.950165
32.490452, 100.353996, 72.895454
31.496191, 100.394737, 72.819397
30.502169, 100.429504, 72.737297
29.507889, 100.457581, 72.655701
28.513474, 100.479477, 72.573891
27.519594, 100.496765, 72.484863
26.527069, 100.508392, 72.381042
25.535057, 100.514359, 72.271904
24.54294, 100.514938, 72.163551
23.551147, 100.509628, 72.052429
22.561211, 100.498657, 71.926277
21.572701, 100.481644, 71.789917
20.584417, 100.459244, 71.652702
19.596256, 100.431274, 71.515617
-88.714455, 92.084145, 56.203678
-89.701836, 91.926826, 56.198776
-90.689194, 91.769508, 56.191677
-91.676521, 91.612198, 56.181232
-92.663849, 91.454887, 56.169765
-93.651093, 91.297081, 56.158855
-94.638374, 91.139473, 56.147957
-95.626526, 90.987564, 56.137043
-96.62056, 90.881287, 56.126068
-97.615784, 90.785919, 56.115078
-98.610931, 90.689774, 56.104092
-99.605934, 90.592186, 56.093109
-100.600899, 90.494202, 56.082096
-101.595718, 90.394768, 56.070282
-102.590385, 90.294258, 56.055836
-103.584923, 90.193237, 56.036476
-104.579132, 90.090446, 56.010971
-105.573067, 89.986183, 55.980957
-106.566803, 89.880829, 55.948185
-107.560432, 89.774773, 55.91441
-108.553978, 89.66787, 55.881073
-109.547272, 89.558586, 55.847843
-110.540405, 89.44783, 55.814621
-111.533401, 89.335785, 55.781643
-112.526146, 89.221931, 55.747498
-113.518555, 89.106255, 55.70966
-114.510536, 88.989021, 55.666027
-115.502106, 88.870148, 55.617748
-116.493309, 88.749504, 55.566322
-117.484192, 88.626938, 55.513268
-118.4748, 88.502319, 55.460007
-119.465164, 88.375687, 55.406841
-120.455261, 88.246986, 55.353687
-121.445084, 88.116165, 55.300552
-122.434608, 87.983147, 55.247429
-123.423828, 87.847855, 55.194347
-124.412697, 87.710136, 55.140823
-125.401001, 87.569618, 55.084476
-126.388611, 87.426384, 55.022831
-127.375534, 87.281059, 54.955528
-128.361755, 87.133278, 54.883411
-129.34729, 86.982552, 54.807953
-130.332275, 86.829018, 54.730976
-131.316803, 86.672729, 54.65395
-132.300827, 86.513115, 54.576988
-133.284271, 86.350014, 54.500072
-134.267197, 86.18383, 54.423195
-135.249664, 86.014915, 54.346355
-136.231644, 85.843117, 54.269661
-137.212921, 85.667358, 54.192989
-138.193329, 85.487274, 54.115253
-139.172836, 85.303795, 54.034149
-140.151337, 85.117371, 53.947727
-141.128616, 84.927589, 53.854984
-142.104538, 84.733856, 53.756519
-143.079102, 84.535492, 53.653778
-144.052658, 84.333206, 53.549046
-145.025421, 84.127533, 53.443699
-145.997299, 83.917877, 53.338028
-146.968185, 83.703644, 53.23233
-147.937943, 83.484245, 53.1269
-148.906708, 83.260345, 53.02177
-149.874619, 83.032738, 52.916744
-150.841522, 82.800865, 52.811813
-151.807266, 82.564171, 52.706978
-152.771683, 82.32209, 52.602226
-153.734833, 82.074959, 52.497631
-154.696579, 81.823845, 52.389652
-155.656174, 81.568611, 52.272541
-156.613083, 81.307777, 52.14621
-157.568054, 81.041763, 52.016068
-158.521835, 80.771339, 51.886253
-159.474213, 80.495888, 51.756668
-160.424789, 80.21418, 51.62738
-161.37384, 79.92733, 51.498123
-162.321136, 79.636284, 51.365467
-163.265976, 79.340546, 51.225922
-164.207886, 79.038559, 51.079967
-165.147598, 78.730942, 50.931675
-166.085556, 78.417946, 50.783615
-167.021515, 78.098816, 50.63588
-167.955643, 77.774254, 50.488445
-168.887711, 77.443779, 50.34111
-169.816742, 77.106247, 50.190636
-170.742538, 76.76329, 50.032646
-171.664871, 76.414474, 49.867374
-172.584793, 76.060669, 49.699287
-173.501877, 75.699409, 49.531593
-174.41629, 75.331238, 49.364384
-175.328537, 74.957336, 49.198009
-176.238113, 74.577026, 49.031513
-177.143936, 74.189079, 48.862225
-178.046158, 73.796288, 48.685131
-178.944153, 73.397194, 48.500694
-179.837967, 72.990791, 48.31197
-180.729248, 72.578957, 48.123066
-181.616943, 72.159126, 47.934891
-182.501678, 71.732758, 47.747444
-183.383499, 71.300156, 47.560616
-184.261627, 70.859741, 47.374573
-185.136612, 70.412842, 47.189209
-186.008499, 69.959656, 47.00452
-186.876907, 69.499527, 46.82058
-187.741165, 69.032524, 46.634563
-188.598175, 68.560867, 46.427814
-189.448532, 68.084457, 46.205185
-190.292709, 67.603035, 45.970238
-191.12735, 67.118935, 45.708275
-191.950607, 66.63372, 45.41444
-192.758209, 66.149902, 45.077858
-193.553436, 65.666573, 44.712296
-194.335983, 65.183655, 44.319843
-195.107376, 64.701477, 43.90501
-195.866516, 64.220909, 43.466396
-196.616821, 63.739628, 43.013657
-197.358597, 63.259583, 42.545704
-198.090408, 62.780735, 42.061104
-198.813568, 62.30381, 41.561871
-199.529358, 61.828583, 41.050568
-200.237076, 61.35548, 40.526253
-200.936111, 60.885277, 39.987801
-201.633041, 60.415989, 39.445835
-202.319519, 59.953682, 38.884865
-203.003082, 59.493233, 38.318844
-203.676666, 59.039497, 37.735687
-204.343338, 58.593311, 37.139
-205.005432, 58.153278, 36.532635
-205.668243, 57.714962, 35.9258
-206.331146, 57.276871, 35.318913
-206.99324, 56.836494, 34.712784
-207.654678, 56.394371, 34.107231
-208.315765, 55.951214, 33.502026
-208.976715, 55.50774, 32.896923
-209.638, 55.06517, 32.291519
-210.30127, 54.628086, 31.684305
-210.966919, 54.197727, 31.074903
-211.635803, 53.776691, 30.462545
-212.309311, 53.369389, 29.845963
-212.987411, 52.976421, 29.225161
-213.670044, 52.598072, 28.600225
-214.356659, 52.233261, 27.971632
-215.047302, 51.88271, 27.33935
-215.740967, 51.543259, 26.704308
-216.437134, 51.213364, 26.066973
-217.135468, 50.89201, 25.42765
-217.835678, 50.578243, 24.786613
-218.537445, 50.270924, 24.144152
-219.240463, 49.968906, 23.500544
-219.944443, 49.67104, 22.856054
-220.64917, 49.376499, 22.210854
-221.35466, 49.085129, 21.565042
-222.060852, 48.795822, 20.919081
-222.768341, 48.5103, 20.272844
-223.477951, 48.232765, 19.625469
-224.189957, 47.965439, 18.976421
-224.9039, 47.707554, 18.325693
-225.620102, 47.461407, 17.672903
-226.338486, 47.227222, 17.01812
-227.05928, 47.006958, 16.361149
-227.782089, 46.799168, 15.702335
-228.506973, 46.605053, 15.041634
-229.230347, 46.425678, 14.375175
-229.945313, 46.261406, 13.695832
-230.653076, 46.11171, 13.005716
-231.351471, 45.975975, 12.303295
-232.015427, 45.857506, 11.565619
-232.544876, 45.770191, 10.72602
-232.814194, 45.727966, 9.767698
-232.78273, 45.732868, 8.772718
-232.423401, 45.789658, 7.847206
-231.75589, 45.902561, 7.120274
-230.871292, 46.067879, 6.693192
-229.933273, 46.264309, 6.409276
-228.982361, 46.485081, 6.193912
-228.02771, 46.731682, 6.028905
-227.074188, 47.002563, 5.898937
-226.123703, 47.296452, 5.800147
-225.177567, 47.611996, 5.730888
-224.236908, 47.94812, 5.688932
-223.301697, 48.30143, 5.676366
-222.372269, 48.669437, 5.694802
-221.448105, 49.046368, 5.752849
-220.529968, 49.425762, 5.864048
-219.625275, 49.805424, 6.053894
-218.760132, 50.1754, 6.386735
-217.98674, 50.512642, 6.92023
-217.294083, 50.821247, 7.571278
-216.650375, 51.11478, 8.277574
-216.038239, 51.400784, 9.014477
-215.445297, 51.68589, 9.767338
-214.867203, 51.972286, 10.531075
-214.302292, 52.261429, 11.303706
-213.739182, 52.560558, 12.073832
-213.177856, 52.869217, 12.841502
-212.6185, 53.187908, 13.606497
-212.061264, 53.517139, 14.368578
-211.506332, 53.857414, 15.12749
-210.953659, 54.206795, 15.883895
-210.40094, 54.563271, 16.636959
-209.845215, 54.927605, 17.384016
-209.286865, 55.299751, 18.125254
-208.728561, 55.673927, 18.865499
-208.170242, 56.048111, 19.605745
-207.612152, 56.42194, 20.346325
-207.049835, 56.797825, 21.082642
-206.475723, 57.180672, 21.806173
-205.900314, 57.561752, 22.52961
-205.318939, 57.945541, 23.246792
-204.728912, 58.336033, 23.953232
-204.139191, 58.729549, 24.658258
-203.542252, 59.130047, 25.353157
-202.936661, 59.537975, 26.036184
-202.330627, 59.946201, 26.718643
-201.717667, 60.358997, 27.392048
-201.095856, 60.777706, 28.053644
-200.46611, 61.201618, 28.704319
-199.827927, 61.629063, 29.344362
-199.182983, 62.059036, 29.975893
-198.527176, 62.493523, 30.592989
-197.862091, 62.930367, 31.198324
-197.189148, 63.369717, 31.793112
-196.503738, 63.812767, 32.370693
-195.812958, 64.254997, 32.942467
-195.114197, 64.697151, 33.504482
-194.398758, 65.144867, 34.040451
-193.662598, 65.599701, 34.541187
-192.904724, 66.061249, 35.001747
-192.126801, 66.528732, 35.421055
-191.330933, 66.999794, 35.800812
-190.51976, 67.472137, 36.144932
-189.694916, 67.944847, 36.454353
-188.858246, 68.416122, 36.732704
-188.011002, 68.885132, 36.981323
-187.154419, 69.350266, 37.203789
-186.289886, 69.811737, 37.401974
-185.418076, 70.268242, 37.578571
-184.539337, 70.719376, 37.733299
-183.6548, 71.165138, 37.869362
-182.766129, 71.604332, 37.999882
-181.872208, 72.037247, 38.114597
-180.97464, 72.463867, 38.224277
-180.072418, 72.883049, 38.32399
-179.166962, 73.296539, 38.418125
-178.257416, 73.702942, 38.502979
-177.344055, 74.102669, 38.578228
-176.427963, 74.496109, 38.653366
-175.508789, 74.882256, 38.72876
-174.586716, 75.261681, 38.802971
-173.661835, 75.635925, 38.867641
-172.733093, 76.001808, 38.924728
-171.80217, 76.362213, 38.98103
-170.868805, 76.716194, 39.037491
-169.933151, 77.064194, 39.093433
-168.994247, 77.404442, 39.141972
-168.053085, 77.739723, 39.18055
-167.109619, 78.068672, 39.216969
-166.163956, 78.391266, 39.25346
-165.216263, 78.707825, 39.290024
-164.266678, 79.018677, 39.326656
-163.315338, 79.32412, 39.363358
-162.362274, 79.624107, 39.400219
-161.407349, 79.918114, 39.43713
-160.450668, 80.20639, 39.473553
-159.492523, 80.490097, 39.507504
-158.532715, 80.768593, 39.5373
-157.570938, 81.04071, 39.562077
-156.607773, 81.308228, 39.582733
-155.643433, 81.571587, 39.601509
-154.677673, 81.82972, 39.620178
-153.710327, 82.081871, 39.638878
-152.741837, 82.329567, 39.6576
-151.772232, 82.572868, 39.676346
-150.801315, 82.81089, 39.695114
-149.829086, 83.043472, 39.713795
-148.855927, 83.272278, 39.730949
-147.88179, 83.497101, 39.744312
-146.906464, 83.716972, 39.752586
-145.930008, 83.931931, 39.757324
-144.952728, 84.143066, 39.760475
-143.974609, 84.350327, 39.763103
-142.995499, 84.552864, 39.765472
-142.015427, 84.750671, 39.767811
-141.034698, 84.94519, 39.770153
-140.053284, 85.136246, 39.772495
-139.071152, 85.323555, 39.774841
-138.088257, 85.506859, 39.777187
-137.104599, 85.686035, 39.779537
-136.120361, 85.861977, 39.781887
-135.135574, 86.034752, 39.784237
-134.150208, 86.204231, 39.786591
-133.164246, 86.370285, 39.788944
-132.177704, 86.532799, 39.791317
-131.190659, 86.692223, 39.793983
-130.203201, 86.849045, 39.796131
-129.215332, 87.003326, 39.79583
-128.226959, 87.154167, 39.790203
-127.238113, 87.301758, 39.78154
-126.248878, 87.446724, 39.772396
-125.259331, 87.5895, 39.76321
-124.269447, 87.729927, 39.753536
-123.279221, 87.867859, 39.742924
-122.288651, 88.003128, 39.730923
-121.297783, 88.135963, 39.716171
-120.306725, 88.266464, 39.694996
-119.315445, 88.395027, 39.672054
-118.323875, 88.521286, 39.649109
-117.332069, 88.645706, 39.626156
-116.340073, 88.768532, 39.603195
-115.347832, 88.889404, 39.580235
-114.355347, 89.008255, 39.557266
-113.362625, 89.125145, 39.53429
-112.36969, 89.240135, 39.511311
-111.376534, 89.353302, 39.488327
-110.383209, 89.464867, 39.46534
-109.389717, 89.575005, 39.442348
-108.396072, 89.683777, 39.419353
-107.40229, 89.791214, 39.396355
-106.408371, 89.897377, 39.373352
-105.414314, 90.002304, 39.350346
-104.420135, 90.106056, 39.327339
-103.425842, 90.208672, 39.304329
-102.431442, 90.310204, 39.281315
-101.436928, 90.41069, 39.258297
-100.442307, 90.510094, 39.235279
-99.447548, 90.608131, 39.212257
-98.452705, 90.705215, 39.189236
-97.457733, 90.801094, 39.16621
-96.462715, 90.896416, 39.143181
-95.469711, 91.009666, 39.120201
-94.4823, 91.165146, 39.097351
-93.495171, 91.322426, 39.074505
-92.508049, 91.479706, 39.051659
-91.52092, 91.636986, 39.028816
-88.740723, 92.079956, 26.436087
-89.461761, 91.965073, 27.109932
-90.276443, 91.835274, 27.664024
-91.160179, 91.694466, 28.096373
-92.091965, 91.546005, 28.409012
-93.053368, 91.392822, 28.609816
-94.026855, 91.237717, 28.74188
-95.00061, 91.082397, 28.871733
-95.974625, 90.945152, 29.017586
-96.948906, 90.849823, 29.192915
-97.917801, 90.756943, 29.397079
-98.880272, 90.66333, 29.629349
-99.836571, 90.569412, 29.885685
-100.788338, 90.475639, 30.158697
-101.740005, 90.37999, 30.431421
-102.687401, 90.284416, 30.718348
-103.624557, 90.188927, 31.037256
-104.550362, 90.09288, 31.387644
-105.465729, 89.997826, 31.764669
-106.375557, 89.90152, 32.154678
-107.279251, 89.80484, 32.558632
-108.182945, 89.707779, 32.962494
-109.091591, 89.608665, 33.3545
-110.015129, 89.506378, 33.708755
-110.96434, 89.39991, 33.984409
-111.941673, 89.288963, 34.125195
-112.928932, 89.175179, 34.142868
-113.909752, 89.060356, 34.031857
-114.86338, 88.947083, 33.777325
-115.761528, 88.838799, 33.366917
-116.57074, 88.74012, 32.799629
-117.256142, 88.65538, 32.086163
-117.788307, 88.588997, 31.250578
-118.143791, 88.544197, 30.324652
-118.305008, 88.523888, 29.345278
-118.314735, 88.522659, 28.350916
-118.314735, 88.522659, 27.356337
-118.314735, 88.522659, 26.361755
-118.314735, 88.522659, 25.367174
-118.314735, 88.522659, 24.372593
-118.314735, 88.522659, 23.378014
-118.314735, 88.522659, 22.383432
-118.314735, 88.522659, 21.388851
-118.314735, 88.522659, 20.394272
-118.314735, 88.522659, 19.399691
-118.314735, 88.522659, 18.405109
-118.314735, 88.522659, 17.41053
-118.314735, 88.522659, 16.415949
-118.307129, 88.523621, 15.421507
-118.151451, 88.543236, 14.441092
-117.801445, 88.587334, 13.513013
-117.27449, 88.653114, 12.674172
-116.592102, 88.737518, 11.957841
-115.786392, 88.835777, 11.385731
-114.890617, 88.943771, 10.970495
-113.938568, 89.056953, 10.709956
-112.958008, 89.171822, 10.59659
-111.97065, 89.285751, 10.609721
-110.992767, 89.396751, 10.747428
-110.042496, 89.503326, 11.019267
-109.118477, 89.605721, 11.372304
-108.209572, 89.704933, 11.763663
-107.30584, 89.801994, 12.167446
-106.402092, 89.898674, 12.571269
-105.492416, 89.995033, 12.961633
-104.577385, 90.090073, 13.339491
-103.651695, 90.186111, 13.690193
-102.715111, 90.281624, 14.01076
-101.768044, 90.377197, 14.2989
-100.816238, 90.472832, 14.571133
-99.864449, 90.566658, 14.844054
-98.908424, 90.660568, 15.101455
-97.946014, 90.754234, 15.333969
-96.977409, 90.847092, 15.539562
-96.00325, 90.94207, 15.715798
-95.029121, 91.078026, 15.862023
-94.055374, 91.23317, 15.992129
-93.081741, 91.388298, 16.123148
-92.119621, 91.541595, 16.320738
-91.187042, 91.690186, 16.630856
-90.301605, 91.831261, 17.059668
-89.484589, 91.961433, 17.61006
-88.760536, 92.076797, 18.280586
-88.154228, 92.173401, 19.061472
-87.686935, 92.247856, 19.934893
-87.374634, 92.297615, 20.876575
-87.218842, 92.322441, 21.857525
-87.217545, 92.322647, 22.8512
-87.367256, 92.29879, 23.83305
-87.676285, 92.249557, 24.775805
-88.714455, 92.084145, 82.958984
-89.701836, 91.926826, 82.954079
-90.689194, 91.769508, 82.946983
-91.676521, 91.612198, 82.936539
-92.663849, 91.454887, 82.925072
-93.651093, 91.297081, 82.914162
-94.638374, 91.139473, 82.903259
-95.626526, 90.987564, 82.892349
-96.62056, 90.881287, 82.881371
-97.615784, 90.785919, 82.870384
-98.610931, 90.689774, 82.859398
-99.605934, 90.592186, 82.848412
-100.600899, 90.494202, 82.837402
-101.595718, 90.394768, 82.825584
-102.590385, 90.294258, 82.811142
-103.584923, 90.193237, 82.791779
-104.579132, 90.090446, 82.766273
-105.573067, 89.986183, 82.736259
-106.566803, 89.880829, 82.703484
-107.560432, 89.774773, 82.669716
-108.553978, 89.66787, 82.636375
-109.547272, 89.558586, 82.603149
-110.540405, 89.44783, 82.569923
-111.533401, 89.335785, 82.536949
-112.526146, 89.221931, 82.5028
-113.518555, 89.106255, 82.464966
-114.510536, 88.989021, 82.421333
-115.502106, 88.870148, 82.373047
-116.493309, 88.749504, 82.321625
-117.484192, 88.626938, 82.26857
-118.4748, 88.502319, 82.215309
-119.465164, 88.375687, 82.162148
-120.455261, 88.246986, 82.108994
-121.445084, 88.116165, 82.055855
-122.434608, 87.983147, 82.002731
-123.423828, 87.847855, 81.949654
-124.412697, 87.710136, 81.896126
-125.401001, 87.569618, 81.839783
-126.388611, 87.426384, 81.778137
-127.375534, 87.281059, 81.710831
-128.361755, 87.133278, 81.638718
-129.34729, 86.982552, 81.563255
-130.332275, 86.829018, 81.486275
-131.316803, 86.672729, 81.409256
-132.300827, 86.513115, 81.332291
-133.284271, 86.350014, 81.255379
-134.267197, 86.18383, 81.178497
-135.249664, 86.014915, 81.101662
-136.231644, 85.843117, 81.024963
-137.212921, 85.667358, 80.948296
-138.193329, 85.487274, 80.87056
-139.172836, 85.303795, 80.789452
-140.151337, 85.117371, 80.703033
-141.128616, 84.927589, 80.610291
-142.104538, 84.733856, 80.511826
-143.079102, 84.535492, 80.409081
-144.052658, 84.333206, 80.304352
-145.025421, 84.127533, 80.198997
-145.997299, 83.917877, 80.09333
-146.968185, 83.703644, 79.987633
-147.937943, 83.484245, 79.882202
-148.906708, 83.260345, 79.777069
-149.874619, 83.032738, 79.672043
-150.841522, 82.800865, 79.567116
-151.807266, 82.564171, 79.46228
-152.771683, 82.32209, 79.357529
-153.734833, 82.074959, 79.25293
-154.696579, 81.823845, 79.144958
-155.656174, 81.568611, 79.027847
-156.613083, 81.307777, 78.901512
-157.568054, 81.041763, 78.77137
-158.521835, 80.771339, 78.641556
-159.474213, 80.495888, 78.511971
-160.424789, 80.21418, 78.382683
-161.37384, 79.92733, 78.253426
-162.321136, 79.636284, 78.120773
-163.265976, 79.340546, 77.981224
-164.207886, 79.038559, 77.835274
-165.147598, 78.730942, 77.686974
-166.085556, 78.417946, 77.538918
-167.021515, 78.098816, 77.391182
-167.955643, 77.774254, 77.243752
-168.887711, 77.443779, 77.096413
-169.816742, 77.106247, 76.945938
-170.742538, 76.76329, 76.787949
-171.664871, 76.414474, 76.622681
-172.584793, 76.060669, 76.45459
-173.501877, 75.699409, 76.286896
-174.41629, 75.331238, 76.11969
-175.328537, 74.957336, 75.953308
-176.238113, 74.577026, 75.786812
-177.143936, 74.189079, 75.617531
-178.046158, 73.796288, 75.440437
-178.944153, 73.397194, 75.255997
-179.837967, 72.990791, 75.067276
-180.729248, 72.578957, 74.878365
-181.616943, 72.159126, 74.690193
-182.501678, 71.732758, 74.502747
-183.383499, 71.300156, 74.315918
-184.261627, 70.859741, 74.129875
-185.136612, 70.412842, 73.944511
-186.008499, 69.959656, 73.759819
-186.876907, 69.499527, 73.575882
-187.741165, 69.032524, 73.38987
-188.598175, 68.560867, 73.183113
-189.448532, 68.084457, 72.960487
-190.292709, 67.603035, 72.72554
-191.12735, 67.118935, 72.463577
-191.950607, 66.63372, 72.169739
-192.758209, 66.149902, 71.83316
-193.553436, 65.666573, 71.467598
-194.335983, 65.183655, 71.075142
-195.107376, 64.701477, 70.660316
-195.866516, 64.220909, 70.221703
-196.616821, 63.739628, 69.768959
-197.358597, 63.259583, 69.30101
-198.090408, 62.780735, 68.816406
-198.813568, 62.30381, 68.317177
-199.529358, 61.828583, 67.80587
-200.237076, 61.35548, 67.281555
-200.936111, 60.885277, 66.743103
-201.633041, 60.415989, 66.201134
-202.319519, 59.953682, 65.640167
-203.003082, 59.493233, 65.07415
-203.676666, 59.039497, 64.49099
-204.343338, 58.593311, 63.894302
-205.005432, 58.153278, 63.287937
-205.668243, 57.714962, 62.681103
-206.331146, 57.276871, 62.074219
-206.99324, 56.836494, 61.468086
-207.654678, 56.394371, 60.862534
-208.315765, 55.951214, 60.257328
-208.976715, 55.50774, 59.652225
-209.638, 55.06517, 59.046825
-210.30127, 54.628086, 58.43961
-210.966919, 54.197727, 57.830208
-211.635803, 53.776691, 57.21785
-212.309311, 53.369389, 56.601265
-212.987411, 52.976421, 55.980465
-213.670044, 52.598072, 55.35553
-214.356659, 52.233261, 54.726936
-215.047302, 51.88271, 54.094654
-215.740967, 51.543259, 53.45961
-216.437134, 51.213364, 52.822277
-217.135468, 50.89201, 52.182953
-217.835678, 50.578243, 51.541916
-218.537445, 50.270924, 50.899456
-219.240463, 49.968906, 50.255848
-219.944443, 49.67104, 49.611359
-220.64917, 49.376499, 48.966156
-221.35466, 49.085129, 48.320347
-222.060852, 48.795822, 47.674385
-222.768341, 48.5103, 47.028149
-223.477951, 48.232765, 46.380772
-224.189957, 47.965439, 45.731724
-224.9039, 47.707554, 45.080997
-225.620102, 47.461407, 44.428207
-226.338486, 47.227222, 43.773422
-227.05928, 47.006958, 43.116451
-227.782089, 46.799168, 42.457638
-228.506973, 46.605053, 41.796936
-229.230347, 46.425678, 41.130478
-229.945313, 46.261406, 40.451138
-230.653076, 46.11171, 39.761021
-231.351471, 45.975975, 39.058598
-232.015427, 45.857506, 38.320923
-232.544876, 45.770191, 37.481323
-232.814194, 45.727966, 36.523003
-232.78273, 45.732868, 35.528023
-232.423401, 45.789658, 34.602509
-231.75589, 45.902561, 33.875576
-230.871292, 46.067879, 33.448494
-229.933273, 46.264309, 33.164581
-228.982361, 46.485081, 32.949215
-228.02771, 46.731682, 32.78421
-227.074188, 47.002563, 32.65424
-226.123703, 47.296452, 32.55545
-225.177567, 47.611996, 32.486191
-224.236908, 47.94812, 32.444237
-223.301697, 48.30143, 32.431671
-222.372269, 48.669437, 32.450104
-221.448105, 49.046368, 32.508152
-220.529968, 49.425762, 32.61935
-219.625275, 49.805424, 32.809196
-218.760132, 50.1754, 33.14204
-217.98674, 50.512642, 33.675533
-217.294083, 50.821247, 34.32658
-216.650375, 51.11478, 35.032879
-216.038239, 51.400784, 35.769779
-215.445297, 51.68589, 36.52264
-214.867203, 51.972286, 37.286381
-214.302292, 52.261429, 38.05901
-213.739182, 52.560558, 38.829136
-213.177856, 52.869217, 39.596806
-212.6185, 53.187908, 40.361801
-212.061264, 53.517139, 41.123882
-211.506332, 53.857414, 41.882793
-210.953659, 54.206795, 42.639198
-210.40094, 54.563271, 43.392262
-209.845215, 54.927605, 44.13932
-209.286865, 55.299751, 44.880558
-208.728561, 55.673927, 45.620804
-208.170242, 56.048111, 46.36105
-207.612152, 56.42194, 47.101627
-207.049835, 56.797825, 47.837944
-206.475723, 57.180672, 48.561478
-205.900314, 57.561752, 49.284912
-205.318939, 57.945541, 50.002094
-204.728912, 58.336033, 50.708534
-204.139191, 58.729549, 51.413563
-203.542252, 59.130047, 52.108463
-202.936661, 59.537975, 52.791489
-202.330627, 59.946201, 53.473949
-201.717667, 60.358997, 54.14735
-201.095856, 60.777706, 54.808949
-200.46611, 61.201618, 55.459621
-199.827927, 61.629063, 56.099667
-199.182983, 62.059036, 56.731197
-198.527176, 62.493523, 57.348293
-197.862091, 62.930367, 57.953629
-197.189148, 63.369717, 58.548416
-196.503738, 63.812767, 59.125999
-195.812958, 64.254997, 59.697769
-195.114197, 64.697151, 60.259785
-194.398758, 65.144867, 60.795757
-193.662598, 65.599701, 61.29649
-192.904724, 66.061249, 61.75705
-192.126801, 66.528732, 62.176357
-191.330933, 66.999794, 62.556114
-190.51976, 67.472137, 62.900238
-189.694916, 67.944847, 63.209656
-188.858246, 68.416122, 63.488007
-188.011002, 68.885132, 63.736626
-187.154419, 69.350266, 63.959091
-186.289886, 69.811737, 64.157272
-185.418076, 70.268242, 64.333878
-184.539337, 70.719376, 64.488602
-183.6548, 71.165138, 64.624664
-182.766129, 71.604332, 64.755188
-181.872208, 72.037247, 64.869904
-180.97464, 72.463867, 64.979576
-180.072418, 72.883049, 65.079292
-179.166962, 73.296539, 65.173424
-178.257416, 73.702942, 65.258278
-177.344055, 74.102669, 65.333534
-176.427963, 74.496109, 65.408669
-175.508789, 74.882256, 65.484062
-174.586716, 75.261681, 65.558273
-173.661835, 75.635925, 65.622948
-172.733093, 76.001808, 65.680031
-171.80217, 76.362213, 65.736336
-170.868805, 76.716194, 65.792793
-169.933151, 77.064194, 65.84874
-168.994247, 77.404442, 65.897278
-168.053085, 77.739723, 65.935852
-167.109619, 78.068672, 65.972275
-166.163956, 78.391266, 66.008766
-165.216263, 78.707825, 66.045326
-164.266678, 79.018677, 66.081963
-163.315338, 79.32412, 66.11866
-162.362274, 79.624107, 66.155518
-161.407349, 79.918114, 66.192436
-160.450668, 80.20639, 66.228859
-159.492523, 80.490097, 66.26281
-158.532715, 80.768593, 66.292603
-157.570938, 81.04071, 66.317383
-156.607773, 81.308228, 66.338036
-155.643433, 81.571587, 66.356812
-154.677673, 81.82972, 66.375481
-153.710327, 82.081871, 66.39418
-152.741837, 82.329567, 66.412903
-151.772232, 82.572868, 66.431648
-150.801315, 82.81089, 66.450417
-149.829086, 83.043472, 66.469101
-148.855927, 83.272278, 66.486252
-147.88179, 83.497101, 66.499619
-146.906464, 83.716972, 66.507889
-145.930008, 83.931931, 66.512627
-144.952728, 84.143066, 66.515778
-143.974609, 84.350327, 66.51841
-142.995499, 84.552864, 66.520775
-142.015427, 84.750671, 66.523117
-141.034698, 84.94519, 66.525459
-140.053284, 85.136246, 66.527802
-139.071152, 85.323555, 66.530144
-138.088257, 85.506859, 66.532494
-137.104599, 85.686035, 66.534836
-136.120361, 85.861977, 66.537186
-135.135574, 86.034752, 66.539543
-134.150208, 86.204231, 66.541893
-133.164246, 86.370285, 66.54425
-132.177704, 86.532799, 66.546623
-131.190659, 86.692223, 66.549286
-130.203201, 86.849045, 66.551437
-129.215332, 87.003326, 66.551132
-128.226959, 87.154167, 66.545509
-127.238113, 87.301758, 66.536842
-126.248878, 87.446724, 66.527702
-125.259331, 87.5895, 66.518517
-124.269447, 87.729927, 66.508842
-123.279221, 87.867859, 66.49823
-122.288651, 88.003128, 66.486229
-121.297783, 88.135963, 66.471474
-120.306725, 88.266464, 66.450302
-119.315445, 88.395027, 66.427361
-118.323875, 88.521286, 66.404411
-117.332069, 88.645706, 66.381462
-116.340073, 88.768532, 66.358498
-115.347832, 88.889404, 66.335541
-114.355347, 89.008255, 66.312569
-113.362625, 89.125145, 66.289597
-112.36969, 89.240135, 66.266617
-111.376534, 89.353302, 66.243629
-110.383209, 89.464867, 66.220642
-109.389717, 89.575005, 66.197655
-108.396072, 89.683777, 66.174652
-107.40229, 89.791214, 66.151657
-106.408371, 89.897377, 66.128654
-105.414314, 90.002304, 66.105652
-104.420135, 90.106056, 66.082642
-103.425842, 90.208672, 66.059631
-102.431442, 90.310204, 66.036621
-101.436928, 90.41069, 66.013603
-100.442307, 90.510094, 65.990585
-99.447548, 90.608131, 65.96756
-98.452705, 90.705215, 65.944542
-97.457733, 90.801094, 65.921516
-96.462715, 90.896416, 65.898483
-95.469711, 91.009666, 65.875504
-94.4823, 91.165146, 65.852654
-93.495171, 91.322426, 65.829811
-92.508049, 91.479706, 65.806961
-91.52092, 91.636986, 65.784119
-58.313065, 97.744583, 58.779381
-57.564407, 97.851158, 59.432255
-56.771141, 97.962311, 60.029243
-55.935661, 98.077446, 60.564697
-55.061096, 98.196358, 61.032887
-54.160942, 98.315742, 61.449738
-53.242638, 98.435944, 61.824711
-52.309849, 98.55513, 62.162483
-51.364487, 98.673309, 62.463699
-50.410641, 98.790291, 62.737335
-49.449318, 98.904549, 62.984695
-48.481766, 99.01722, 63.207287
-47.508808, 99.127686, 63.40625
-46.531319, 99.235542, 63.583233
-45.549915, 99.340073, 63.739338
-44.565086, 99.441666, 63.874443
-43.576698, 99.540123, 63.983238
-42.586662, 99.635071, 64.079346
-41.593422, 99.726501, 64.138504
-40.598488, 99.814209, 64.168419
-39.602768, 99.897415, 64.177612
-38.606712, 99.976608, 64.166969
-37.610302, 100.051094, 64.155724
-36.613934, 100.120674, 64.126137
-35.617558, 100.185951, 64.087585
-34.620922, 100.245041, 64.046082
-33.624954, 100.299652, 63.986454
-32.628979, 100.347473, 63.921158
-31.632973, 100.389801, 63.852772
-30.638376, 100.425171, 63.763283
-29.64407, 100.453705, 63.668148
-28.649691, 100.476852, 63.572308
-27.657591, 100.494652, 63.454388
-26.667025, 100.506882, 63.323704
-25.678217, 100.513626, 63.179806
-24.692629, 100.515015, 63.015121
-23.710907, 100.510727, 62.829109
-22.733156, 100.500809, 62.623524
-21.764042, 100.48526, 62.380779
-20.807138, 100.464584, 62.09404
-19.859598, 100.43943, 61.777767
-18.919044, 100.409462, 61.4417
-17.988743, 100.37513, 61.078613
-17.074055, 100.338943, 60.678158
-16.182426, 100.300072, 60.228992
-15.326471, 100.262695, 59.715282
-14.526376, 100.227798, 59.118561
-13.813046, 100.196892, 58.420708
-13.214387, 100.173065, 57.622292
-12.747106, 100.154877, 56.740154
-12.398876, 100.142937, 55.804272
-12.149408, 100.135086, 54.837196
-12.003146, 100.130806, 53.848999
-11.932918, 100.128754, 52.852364
-11.91664, 100.128281, 51.853325
-11.94267, 100.129036, 50.854469
-12.004118, 100.130836, 49.85717
-12.094992, 100.133492, 48.862057
-12.211428, 100.136902, 47.869656
-12.347629, 100.141205, 46.879795
-12.502126, 100.146454, 45.89259
-12.676381, 100.15239, 44.908661
-12.868603, 100.159439, 43.928104
-13.07468, 100.167557, 42.95039
-13.295995, 100.176277, 41.976002
-13.532454, 100.185593, 41.005177
-13.784938, 100.195717, 40.038403
-14.054359, 100.207237, 39.076225
-14.344282, 100.219864, 38.120052
-14.657943, 100.233528, 37.171421
-14.986938, 100.247871, 36.227985
-15.315911, 100.26223, 35.284542
-15.644884, 100.276604, 34.341099
-15.980377, 100.291252, 33.400005
-16.339201, 100.306923, 32.467552
-16.718948, 100.323502, 31.543446
-17.121389, 100.340942, 30.629004
-17.556252, 100.35833, 29.729565
-18.026382, 100.376595, 28.848076
-18.536629, 100.395973, 27.989246
-19.09354, 100.41539, 27.160009
-19.701612, 100.434639, 26.367563
-20.36894, 100.453552, 25.624464
-21.098032, 100.471504, 24.941952
-21.891401, 100.487663, 24.335413
-22.744963, 100.500641, 23.816746
-23.638634, 100.510216, 23.370306
-24.55934, 100.514885, 22.982428
-25.49955, 100.51442, 22.644302
-26.454927, 100.508888, 22.351748
-27.421204, 100.497986, 22.097652
-28.395729, 100.481812, 21.877525
-29.37677, 100.460411, 21.689137
-30.362545, 100.433739, 21.52775
-31.352144, 100.400566, 21.393412
-32.34391, 100.360435, 21.278645
-33.337456, 100.313797, 21.182764
-34.332767, 100.261246, 21.111486
-35.328667, 100.203682, 21.054003
-36.325081, 100.140213, 21.013515
-37.321682, 100.071617, 20.990505
-38.318169, 99.998505, 20.977165
-39.314354, 99.920563, 20.98317
-40.310177, 99.83876, 20.995298
-41.305195, 99.752129, 21.025816
-42.299759, 99.661873, 21.060572
-43.293163, 99.567741, 21.113316
-44.286022, 99.469833, 21.169558
-45.278347, 99.368546, 21.228857
-46.268692, 99.263725, 21.310923
-47.256733, 99.156113, 21.414213
-48.241459, 99.044502, 21.541544
-49.220409, 98.931686, 21.706699
-50.190285, 98.816467, 21.917238
-51.145088, 98.700211, 22.187508
-52.084164, 98.583847, 22.508369
-53.005692, 98.466301, 22.875877
-53.898529, 98.350449, 23.308962
-54.756111, 98.237137, 23.80875
-55.577042, 98.126259, 24.367256
-56.338326, 98.022499, 25.004194
-57.004986, 97.929596, 25.742126
-57.614864, 97.844154, 26.528822
-58.180874, 97.763588, 27.348246
-58.712761, 97.687111, 28.190655
-59.214008, 97.614807, 29.052025
-59.684433, 97.545677, 29.930828
-60.134701, 97.479324, 30.820349
-60.560604, 97.416306, 31.722086
-60.96048, 97.356155, 32.63586
-61.335411, 97.299591, 33.560326
-61.691547, 97.245834, 34.492336
-62.017929, 97.195984, 35.435436
-62.316635, 97.14994, 36.387844
-62.585491, 97.108482, 37.349312
-62.820908, 97.072174, 38.319706
-63.019283, 97.041481, 39.298527
-63.173969, 97.017349, 40.285347
-63.298923, 96.997726, 41.276524
-63.397396, 96.982224, 42.270733
-63.468113, 96.971085, 43.267368
-63.510693, 96.964378, 44.265629
-63.524143, 96.962265, 45.264763
-63.508038, 96.964813, 46.263847
-63.459335, 96.972488, 47.261837
-63.375172, 96.985741, 48.257397
-63.252888, 97.004967, 49.24889
-63.088276, 97.030739, 50.234066
-62.875786, 97.063698, 51.209805
-62.610806, 97.104576, 52.172276
-62.282692, 97.155174, 53.114582
-61.881813, 97.216881, 54.027496
-61.403927, 97.289261, 54.901833
-60.873573, 97.36927, 55.744789
-60.297874, 97.455261, 56.556854
-59.680145, 97.546318, 57.336861
22.564245, 100.498344, 23.004349
21.698803, 100.484062, 23.503704
20.884113, 100.466454, 24.081741
20.128891, 100.446907, 24.735624
19.432617, 100.426208, 25.452049
18.793995, 100.405334, 26.220432
18.207279, 100.3843, 27.029184
17.668695, 100.363426, 27.870808
17.17296, 100.342995, 28.738411
16.713812, 100.323273, 29.625969
16.286991, 100.304642, 30.529547
15.889672, 100.287292, 31.446554
15.515657, 100.270958, 32.373329
15.160327, 100.25544, 33.307438
14.829008, 100.240982, 34.250347
14.49977, 100.226601, 35.193996
14.170407, 100.212212, 36.137604
13.842679, 100.198128, 37.081783
13.533442, 100.185631, 38.032181
13.247028, 100.174347, 38.989712
12.979832, 100.163818, 39.952808
12.729097, 100.154205, 40.920334
12.493627, 100.146164, 41.891708
12.274243, 100.138824, 42.866837
12.069017, 100.132713, 43.845036
11.878828, 100.127182, 44.826283
11.704939, 100.122635, 45.81057
11.551161, 100.119041, 46.798187
11.415439, 100.115868, 47.788406
11.299028, 100.113396, 48.781105
11.207499, 100.111809, 49.776443
11.145152, 100.110779, 50.773979
11.116525, 100.110306, 51.773052
11.130288, 100.110535, 52.772415
11.192196, 100.111557, 53.769909
11.322732, 100.113853, 54.760654
11.545115, 100.118896, 55.734615
11.858338, 100.126617, 56.683365
12.273936, 100.138817, 57.591705
12.8044, 100.157021, 58.437729
13.447404, 100.182281, 59.201466
14.187434, 100.213043, 59.871735
14.998495, 100.248383, 60.453968
15.859128, 100.286194, 60.960426
16.751865, 100.325294, 61.407948
17.666683, 100.362617, 61.808746
18.596781, 100.398109, 62.173016
19.537111, 100.429512, 62.510403
20.484547, 100.456711, 62.827698
21.440319, 100.478828, 63.119011
22.408224, 100.495979, 63.367611
23.385202, 100.508049, 63.578087
24.366344, 100.514366, 63.768753
25.351921, 100.514915, 63.935242
26.340439, 100.510124, 64.083008
27.330723, 100.49926, 64.21814
28.32283, 100.483299, 64.338745
29.317064, 100.461967, 64.43914
30.311785, 100.435623, 64.533562
31.306446, 100.402031, 64.626251
32.302502, 100.362251, 64.69931
33.298813, 100.315582, 64.764595
34.294998, 100.263855, 64.827934
35.291763, 100.205544, 64.87381
36.288601, 100.142838, 64.912064
37.28516, 100.074287, 64.947197
38.281925, 100.001434, 64.961639
39.278385, 99.923729, 64.972191
40.274483, 99.841553, 64.970871
41.270004, 99.75531, 64.948059
42.264362, 99.66507, 64.902428
43.255947, 99.571289, 64.819321
44.245369, 99.474022, 64.716064
45.231983, 99.373268, 64.591682
46.215305, 99.269447, 64.445549
47.194889, 99.162918, 64.277832
48.170361, 99.052582, 64.089874
49.141121, 98.941063, 63.87952
50.105946, 98.826729, 63.644779
51.064358, 98.710159, 63.386112
52.014626, 98.592575, 63.099365
52.954895, 98.472717, 62.782372
53.882824, 98.352631, 62.430981
54.795353, 98.231926, 62.041611
55.68824, 98.111122, 61.609177
56.55442, 97.992462, 61.125057
57.381893, 97.876793, 60.576813
58.168533, 97.765373, 59.970554
58.913395, 97.658264, 59.312923
59.616707, 97.555664, 58.610325
60.278366, 97.458145, 57.867653
60.897842, 97.365601, 57.08884
61.4767, 97.278282, 56.278847
62.01363, 97.196655, 55.439907
62.502247, 97.121315, 54.571407
62.921951, 97.056564, 53.666935
63.27021, 97.002243, 52.731861
63.556587, 96.957153, 51.775478
63.789745, 96.920433, 50.804356
63.97459, 96.891327, 49.822559
64.116264, 96.868996, 48.833439
64.21846, 96.852821, 47.839306
64.286278, 96.842049, 46.842159
64.321236, 96.836472, 45.843266
64.324379, 96.835976, 44.843777
64.297554, 96.840248, 43.844635
64.245987, 96.84845, 42.846478
64.165161, 96.861267, 41.850311
64.058182, 96.878159, 40.856667
63.924831, 96.899162, 39.866295
63.755627, 96.925804, 38.88163
63.547989, 96.958519, 37.904518
63.304424, 96.996895, 36.935921
63.02903, 97.039963, 35.976074
62.725533, 97.086891, 35.024921
62.39539, 97.137794, 34.082882
62.035713, 97.19326, 33.151989
61.657513, 97.250984, 32.228638
61.255962, 97.311577, 31.315323
60.828537, 97.37606, 30.414093
60.377872, 97.443443, 29.524511
59.905067, 97.513161, 28.646694
59.403862, 97.587013, 27.785105
58.873547, 97.663986, 26.94142
58.309757, 97.745094, 26.120176
57.704536, 97.831512, 25.329561
57.048504, 97.923477, 24.58143
56.313118, 98.025963, 23.913589
55.504063, 98.1362, 23.337309
54.66032, 98.249802, 22.8139
53.782608, 98.365547, 22.350283
52.874275, 98.483017, 21.950432
51.943604, 98.601524, 21.605894
50.998184, 98.718315, 21.303446
50.036797, 98.8349, 21.056538
49.063217, 98.949989, 20.862051
48.082184, 99.062592, 20.707584
47.095913, 99.173691, 20.589703
46.107037, 99.281067, 20.491789
45.11607, 99.385307, 20.41325
44.123238, 99.486229, 20.356836
43.130013, 99.583405, 20.300783
42.136101, 99.676865, 20.251221
41.141197, 99.766891, 20.217403
40.145687, 99.852196, 20.190405
39.149578, 99.934151, 20.179087
38.153019, 100.010918, 20.176361
37.156231, 100.083595, 20.190725
36.159359, 100.151016, 20.217421
35.162605, 100.213547, 20.258123
34.166603, 100.27066, 20.319201
33.17107, 100.322113, 20.391991
32.177269, 100.367485, 20.488838
31.185461, 100.406509, 20.606102
30.195778, 100.438766, 20.742044
29.209806, 100.464577, 20.904125
28.228542, 100.485054, 21.092995
27.253487, 100.500366, 21.312162
26.286722, 100.510284, 21.56567
25.330276, 100.51506, 21.855738
24.387709, 100.514481, 22.188143
14.96501, 100.24691, 52.525398
15.909699, 100.288162, 52.807339
16.894522, 100.331192, 52.885162
17.883533, 100.37104, 52.890594
18.86256, 100.407669, 52.76725
19.755514, 100.436302, 52.352631
20.465691, 100.456207, 51.66872
20.997362, 100.469109, 50.835236
21.422157, 100.478485, 49.941639
21.728882, 100.484489, 49.001076
21.973429, 100.489174, 48.042011
22.199871, 100.492851, 47.078419
22.426746, 100.496254, 46.114925
22.660086, 100.499786, 45.152981
22.901487, 100.502846, 44.193039
23.157606, 100.505562, 43.2369
23.431999, 100.508461, 42.2859
23.71776, 100.510765, 41.3382
24.024214, 100.51255, 40.397026
24.351847, 100.514328, 39.46299
24.692434, 100.514977, 38.533585
25.035154, 100.515297, 37.604958
25.388926, 100.514877, 36.680504
25.750885, 100.51339, 35.759216
26.141256, 100.511536, 34.849651
26.560291, 100.507874, 33.952942
26.988779, 100.503815, 33.06065
27.445415, 100.49762, 32.18264
27.962172, 100.490013, 31.338671
28.505964, 100.479652, 30.511639
29.009695, 100.46936, 29.660275
29.351208, 100.461014, 28.733795
29.435165, 100.458939, 27.751083
29.148329, 100.466019, 26.810736
28.561396, 100.478706, 26.017637
27.813847, 100.492302, 25.371288
26.934395, 100.504333, 24.925655
25.959705, 100.512581, 24.780117
24.986719, 100.515228, 24.941652
24.089964, 100.512932, 25.355402
23.293598, 100.506935, 25.941225
22.589741, 100.498764, 26.636295
21.961338, 100.488945, 27.400686
21.364561, 100.477341, 28.190237
20.793619, 100.464256, 28.998682
20.251421, 100.450317, 29.826658
19.735161, 100.435669, 30.671036
19.24526, 100.420303, 31.530964
18.782726, 100.404968, 32.40591
18.344423, 100.388939, 33.293266
17.934076, 100.373009, 34.193878
17.540154, 100.357704, 35.101761
17.165651, 100.342804, 36.017902
16.810432, 100.327499, 36.941689
16.470871, 100.312668, 37.871338
16.137299, 100.298103, 38.803173
15.803727, 100.283539, 39.735012
15.469745, 100.268951, 40.666702
15.141624, 100.254623, 41.600456
14.827012, 100.240891, 42.538879
14.519048, 100.227478, 43.479496
14.22089, 100.214493, 44.423283
13.938795, 100.202217, 45.371979
13.669996, 100.19104, 46.324532
13.431662, 100.181625, 47.285145
13.244733, 100.174255, 48.256924
13.180795, 100.171738, 49.243256
13.277207, 100.175537, 50.227272
13.58136, 100.187523, 51.166199
118.316147, 88.522484, 28.15266
118.316147, 88.522484, 27.158085
118.316147, 88.522484, 26.163509
118.316147, 88.522484, 25.168934
118.316147, 88.522484, 24.174358
118.316147, 88.522484, 23.179783
118.316147, 88.522484, 22.185207
118.316147, 88.522484, 21.190632
118.316147, 88.522484, 20.196056
118.316147, 88.522484, 19.201481
118.316147, 88.522484, 18.206905
118.316147, 88.522484, 17.21233
118.316147, 88.522484, 16.217754
118.29319, 88.525375, 15.223919
118.097397, 88.550041, 14.250975
117.711281, 88.598694, 13.337601
117.151428, 88.668335, 12.520504
116.442131, 88.755951, 11.831067
115.615425, 88.856544, 11.289971
114.705635, 88.965836, 10.906192
113.745674, 89.07959, 10.67655
112.762367, 89.194473, 10.589298
111.775536, 89.307968, 10.626588
110.802116, 89.418335, 10.79266
109.857918, 89.52388, 11.085434
108.937653, 89.625534, 11.448361
108.03067, 89.72448, 11.844252
107.126877, 89.821175, 12.247968
106.22271, 89.917854, 12.650837
105.312271, 90.013802, 13.039526
104.395142, 90.108986, 13.412218
103.467163, 90.205093, 13.756797
102.52829, 90.300468, 14.070578
101.57946, 90.396179, 14.352685
100.627808, 90.491463, 14.625567
99.676071, 90.585159, 14.89869
98.718384, 90.679214, 15.149774
97.754707, 90.772606, 15.377066
96.784836, 90.865547, 15.576436
95.810081, 90.964073, 15.747216
94.836349, 91.108635, 15.888151
93.862549, 91.263893, 16.017719
92.88974, 91.418892, 16.154545
91.932182, 91.571457, 16.373287
91.007385, 91.718811, 16.706421
90.133774, 91.858002, 17.159338
89.333244, 91.98555, 17.734159
88.63073, 92.097481, 18.427732
88.051193, 92.189819, 19.229263
87.613358, 92.259583, 20.118174
87.331772, 92.304443, 21.069773
87.208115, 92.32415, 22.055456
87.236984, 92.31955, 23.048656
87.417847, 92.290733, 24.025043
87.758186, 92.236504, 24.956617
88.249382, 92.158241, 25.816362
88.877678, 92.058136, 26.579271
89.619606, 91.939926, 27.229374
90.449409, 91.807709, 27.759775
91.344322, 91.665123, 28.167831
92.283073, 91.515549, 28.458271
93.248688, 91.361702, 28.637228
94.222366, 91.206566, 28.767818
95.196121, 91.051453, 28.89793
96.170662, 90.924629, 29.049364
97.144196, 90.831108, 29.229944
98.11161, 90.738289, 29.441132
99.073112, 90.644394, 29.67738
100.027672, 90.550621, 29.940186
100.979439, 90.456573, 30.213104
101.93103, 90.360718, 30.485975
102.876472, 90.265381, 30.779356
103.811035, 90.169678, 31.105749
104.735214, 90.073692, 31.460443
105.648705, 89.978683, 31.842014
106.557259, 89.882156, 32.234905
107.460823, 89.785416, 32.63913
108.364449, 89.688263, 33.04311
109.275932, 89.58844, 33.428215
110.203773, 89.485298, 33.770576
111.158691, 89.377968, 34.024483
112.139687, 89.26619, 34.138218
113.127014, 89.152039, 34.131779
114.104317, 89.037445, 33.993664
115.049034, 88.924889, 33.707577
115.932083, 88.818085, 33.26569
116.719315, 88.721794, 32.668121
117.377411, 88.640381, 31.929024
117.875427, 88.578011, 31.072273
118.192787, 88.538025, 30.132366
88.714455, 92.084145, 56.203705
89.701836, 91.926826, 56.198811
90.689194, 91.769508, 56.191669
91.676529, 91.61219, 56.181259
92.663849, 91.454887, 56.169777
93.651176, 91.297569, 56.158855
94.638405, 91.139664, 56.147953
95.626518, 90.987534, 56.137043
96.62056, 90.881287, 56.126068
97.615784, 90.785934, 56.115078
98.610939, 90.689865, 56.104099
99.605949, 90.592323, 56.093124
100.600906, 90.494225, 56.0821
101.595734, 90.394943, 56.070282
102.590401, 90.294395, 56.055832
103.584923, 90.193207, 56.036671
104.57914, 90.090454, 56.011208
105.573105, 89.986618, 55.980679
106.566872, 89.88166, 55.947685
107.560478, 89.775246, 55.914356
108.55397, 89.667778, 55.881073
109.547287, 89.558739, 55.847843
110.540405, 89.447868, 55.814621
111.533356, 89.335442, 55.781563
112.526131, 89.221764, 55.747517
113.518547, 89.106163, 55.709755
114.510513, 88.988731, 55.666309
115.502068, 88.869675, 55.618114
116.493263, 88.748962, 55.566669
117.484154, 88.626572, 55.51347
118.474823, 88.50248, 55.460007
119.465248, 88.37632, 55.406837
120.455368, 88.247795, 55.353683
121.445175, 88.116859, 55.300549
122.434654, 87.98349, 55.247429
123.423798, 87.847641, 55.194324
124.412598, 87.70948, 55.140739
125.400948, 87.569237, 55.084408
126.388664, 87.426773, 55.022827
127.375603, 87.281548, 54.955471
128.361786, 87.133484, 54.883396
129.347305, 86.982681, 54.807976
130.332275, 86.829018, 54.731075
131.316727, 86.672234, 54.653957
132.300705, 86.512421, 54.576996
133.284256, 86.349968, 54.500072
134.267365, 86.184814, 54.423183
135.249802, 86.015709, 54.346344
136.231537, 85.842598, 54.269566
137.212723, 85.666199, 54.193001
138.193283, 85.486954, 54.115307
139.173019, 85.304665, 54.034286
140.151505, 85.118271, 53.947651
141.128586, 84.927414, 53.855053
142.104324, 84.732689, 53.756592
143.078995, 84.53492, 53.653763
144.05275, 84.333862, 53.548622
145.025482, 84.128082, 53.443161
145.997208, 83.917564, 53.337692
146.967972, 83.702682, 53.232265
147.937866, 83.483818, 53.12693
148.906921, 83.261246, 53.021732
149.874786, 83.033501, 52.916687
150.841476, 82.800728, 52.811768
151.807175, 82.563797, 52.706985
152.77179, 82.322472, 52.602291
153.73497, 82.075607, 52.497402
154.69664, 81.824104, 52.389587
155.65596, 81.567871, 52.272446
156.613113, 81.307892, 52.146118
157.568268, 81.042313, 52.016464
158.521774, 80.771103, 51.886265
159.474014, 80.495193, 51.756714
160.424896, 80.214546, 51.627338
161.374039, 79.928093, 51.497845
162.321045, 79.6362, 51.364998
163.265778, 79.339867, 51.225971
164.20787, 79.038521, 51.079941
165.147873, 78.731766, 50.931629
166.085602, 78.41806, 50.783611
167.021606, 78.099052, 50.635864
167.955521, 77.773857, 50.488449
168.887527, 77.443222, 50.341145
169.81694, 77.10675, 50.190594
170.742615, 76.763458, 50.032639
171.664917, 76.414581, 49.867363
172.584534, 76.059959, 49.699348
173.501923, 75.699509, 49.531582
174.416397, 75.331459, 49.364368
175.328354, 74.957008, 49.197613
176.237946, 74.576782, 49.031071
177.144012, 74.189323, 48.861984
178.046173, 73.795982, 48.685749
178.943985, 73.396652, 48.500961
179.837997, 72.990829, 48.311932
180.728989, 72.578369, 48.123016
181.616852, 72.158882, 47.934906
182.50177, 71.73291, 47.747421
183.383423, 71.299934, 47.560631
184.261673, 70.859764, 47.374557
185.137085, 70.413742, 47.189102
186.00853, 69.959671, 47.004513
186.876984, 69.499657, 46.82056
187.741211, 69.032547, 46.634594
188.59819, 68.560776, 46.428005
189.448547, 68.084373, 46.205299
190.29274, 67.602989, 45.970398
191.127457, 67.119148, 45.708141
191.950699, 66.633781, 45.414558
192.758377, 66.149872, 45.078251
193.55336, 65.66658, 44.71217
194.336029, 65.183655, 44.319973
195.107391, 64.701469, 43.905087
195.866516, 64.22094, 43.466381
196.616852, 63.739624, 43.013721
197.358643, 63.25959, 42.54578
198.090424, 62.780731, 42.061146
198.813538, 62.303833, 41.561832
199.529358, 61.828564, 41.050617
200.237045, 61.355515, 40.526196
200.936127, 60.885265, 39.98785
201.633087, 60.415955, 39.445946
202.319519, 59.953682, 38.884895
203.003098, 59.493221, 38.318905
203.677124, 59.039398, 37.736313
204.343292, 58.593246, 37.139023
205.005325, 58.153053, 36.5327
205.668335, 57.71524, 35.92572
206.331177, 57.276966, 35.318897
206.992981, 56.835835, 34.713017
207.654343, 56.393467, 34.107544
208.315552, 55.950699, 33.502209
208.976669, 55.507637, 32.896969
209.638214, 55.065807, 32.291321
210.301163, 54.627792, 31.684408
210.966858, 54.197563, 31.074966
211.635773, 53.7766, 30.462584
212.30954, 53.370136, 29.845753
212.987549, 52.976871, 29.225031
213.669922, 52.597664, 28.600334
214.35672, 52.233498, 27.971571
215.047287, 51.882629, 27.339367
215.740997, 51.543392, 26.704273
216.437332, 51.214123, 26.066792
217.135757, 50.893154, 25.427382
217.835876, 50.579006, 24.786425
218.537537, 50.271263, 24.144043
219.240479, 49.96899, 23.500475
219.944458, 49.671143, 22.855976
220.649231, 49.376671, 22.210791
221.354568, 49.08456, 21.565161
222.060867, 48.795216, 20.919325
222.768631, 48.510735, 20.272936
223.47821, 48.233223, 19.625498
224.18988, 47.964809, 18.976545
224.903946, 47.707642, 18.325655
225.620239, 47.461967, 17.672783
226.338562, 47.227459, 17.018053
227.059219, 47.006409, 16.361206
227.782196, 46.799412, 15.702321
228.507111, 46.605545, 15.041578
229.230011, 46.425278, 14.374843
229.945389, 46.261505, 13.695806
230.653107, 46.111553, 13.005706
231.35144, 45.975826, 12.30325
232.01561, 45.857529, 11.565694
232.544907, 45.770172, 10.725866
232.814285, 45.727947, 9.767655
232.782074, 45.732952, 8.772694
232.424011, 45.789608, 7.846725
231.755707, 45.902672, 7.120468
230.871124, 46.067898, 6.693515
229.93335, 46.264339, 6.408877
228.982376, 46.485134, 6.193798
228.027786, 46.731808, 6.028529
227.074142, 47.002422, 5.898932
226.123627, 47.296131, 5.80006
225.177567, 47.611977, 5.731083
224.236938, 47.948223, 5.689118
223.301636, 48.301315, 5.676188
222.372269, 48.66946, 5.694795
221.448135, 49.046326, 5.753386
220.529968, 49.425774, 5.864134
219.625259, 49.805431, 6.053858
218.760025, 50.175457, 6.386471
217.986511, 50.512737, 6.919945
217.293686, 50.821457, 7.570802
216.649994, 51.114876, 8.277188
216.0383, 51.400753, 9.014499
215.445267, 51.685959, 9.767268
214.867218, 51.972214, 10.531094
214.302292, 52.261307, 11.303719
213.73912, 52.560139, 12.07392
213.17775, 52.868576, 12.841648
212.618484, 53.187752, 13.606513
212.061462, 53.518009, 14.368302
211.506348, 53.85738, 15.12748
210.953217, 54.206379, 15.883732
210.400665, 54.562809, 16.636934
209.845245, 54.927662, 17.383968
209.28688, 55.29974, 18.125231
208.728577, 55.673927, 18.865475
208.170273, 56.0481, 19.605722
207.612213, 56.421875, 20.346361
207.049881, 56.797802, 21.082651
206.475693, 57.180744, 21.806065
205.900238, 57.561794, 22.529491
205.318848, 57.945667, 23.246613
204.728943, 58.33614, 23.953173
204.139175, 58.72958, 24.658188
203.542587, 59.129787, 25.353548
202.936676, 59.53796, 26.03616
202.330582, 59.946232, 26.718529
201.717697, 60.358974, 27.392044
201.096252, 60.777439, 28.054129
200.465698, 61.202007, 28.703604
199.827972, 61.629047, 29.344347
199.182983, 62.059059, 29.975815
198.5271, 62.493603, 30.5928
197.862534, 62.930344, 31.198792
197.188965, 63.369606, 31.792925
196.503616, 63.812695, 32.370564
195.81311, 64.254875, 32.942696
195.113434, 64.697662, 33.503094
194.398651, 65.144821, 34.040348
193.662689, 65.599419, 34.541573
192.904587, 66.061401, 35.001312
192.126755, 66.528915, 35.420731
191.330963, 66.999527, 35.801205
190.519745, 67.472252, 36.144756
189.694855, 67.944839, 36.454227
188.857971, 68.416054, 36.73204
188.010986, 68.884537, 36.982521
187.154465, 69.349998, 37.204628
186.2901, 69.81176, 37.402863
185.417664, 70.268051, 37.57692
184.539261, 70.71933, 37.733067
183.654572, 71.164742, 37.869316
182.766144, 71.604546, 37.999477
181.872116, 72.037094, 38.114628
180.974594, 72.463646, 38.225079
180.072525, 72.883232, 38.324421
179.166855, 73.296341, 38.418194
178.257523, 73.703148, 38.503284
177.344025, 74.102654, 38.578232
176.427948, 74.496124, 38.653366
175.508911, 74.882576, 38.728836
174.586792, 75.261871, 38.80304
173.661621, 75.635422, 38.867821
172.733444, 76.002693, 38.925041
171.802094, 76.362045, 38.981037
170.868729, 76.716034, 39.037498
169.932922, 77.063591, 39.093567
168.994598, 77.405487, 39.141811
168.053238, 77.740128, 39.180851
167.109589, 78.068611, 39.216953
166.16394, 78.391251, 39.253441
165.216263, 78.707893, 39.290009
164.266678, 79.018723, 39.326649
163.315262, 79.323921, 39.363361
162.362122, 79.623665, 39.400139
161.407349, 79.918144, 39.43718
160.450836, 80.207001, 39.473663
159.492401, 80.489662, 39.507744
158.532471, 80.767761, 39.537285
157.57106, 81.041199, 39.562073
156.608002, 81.309052, 39.582829
155.643356, 81.57135, 39.601692
154.677521, 81.829224, 39.620178
153.710419, 82.082306, 39.638874
152.741898, 82.329865, 39.6576
151.772034, 82.572136, 39.676384
150.801178, 82.810341, 39.695251
149.829224, 83.044144, 39.713799
148.856049, 83.272865, 39.73077
147.881699, 83.49675, 39.744106
146.906387, 83.716698, 39.752594
145.93013, 83.93251, 39.757431
144.952774, 84.143387, 39.760494
143.97438, 84.349335, 39.763111
142.995285, 84.551949, 39.765491
142.015533, 84.751328, 39.767811
141.034973, 84.946686, 39.770153
140.053543, 85.137703, 39.772495
139.071335, 85.324562, 39.774841
138.088364, 85.507469, 39.777187
137.104706, 85.686615, 39.779537
136.120407, 85.86219, 39.781887
135.135513, 86.034401, 39.784237
134.15007, 86.203445, 39.786591
133.164108, 86.369514, 39.788944
132.177704, 86.532799, 39.791298
131.190796, 86.693123, 39.793953
130.203308, 86.849731, 39.796356
129.215256, 87.002808, 39.796051
128.226822, 87.15329, 39.790535
127.238068, 87.301506, 39.781628
126.24894, 87.447205, 39.772373
125.259415, 87.590141, 39.763416
124.269501, 87.73037, 39.754059
123.279228, 87.867973, 39.743614
122.288628, 88.003052, 39.731392
121.297745, 88.135704, 39.716415
120.306679, 88.266281, 39.695709
119.315437, 88.394966, 39.672142
118.323921, 88.521645, 39.649109
117.332115, 88.646004, 39.626156
116.340073, 88.768509, 39.603195
115.347801, 88.889183, 39.580235
114.355301, 89.007912, 39.557262
113.362579, 89.124779, 39.53429
112.369652, 89.239876, 39.511311
111.376534, 89.353294, 39.488327
110.383232, 89.465134, 39.46534
109.389771, 89.575478, 39.442348
108.396141, 89.68438, 39.419353
107.402367, 89.791901, 39.396355
106.408447, 89.898079, 39.373352
105.414391, 90.002975, 39.350349
104.420204, 90.106644, 39.327339
103.425896, 90.209137, 39.304329
102.431473, 90.310501, 39.281315
101.436943, 90.410805, 39.258297
100.442307, 90.510056, 39.235279
99.447556, 90.608147, 39.212257
98.452705, 90.705238, 39.189236
97.457741, 90.801109, 39.16621
96.462715, 90.896408, 39.143181
95.469704, 91.009605, 39.120201
94.4823, 91.165146, 39.097351
93.495171, 91.322426, 39.074505
92.508049, 91.479706, 39.051659
91.52092, 91.636986, 39.028816
88.714455, 92.084145, 82.959007
89.701836, 91.926826, 82.954117
90.689194, 91.769508, 82.946968
91.676529, 91.61219, 82.936562
92.663849, 91.454887, 82.925079
93.651176, 91.297569, 82.914162
94.638405, 91.139664, 82.903259
95.626518, 90.987534, 82.892349
96.62056, 90.881287, 82.881371
97.615784, 90.785934, 82.870384
98.610939, 90.689873, 82.859398
99.605949, 90.592323, 82.848427
100.600906, 90.494225, 82.837402
101.595734, 90.394943, 82.825584
102.590401, 90.294395, 82.811134
103.584923, 90.193207, 82.791969
104.57914, 90.090454, 82.76651
105.573105, 89.986618, 82.735985
106.566872, 89.88166, 82.702988
107.560478, 89.775246, 82.669662
108.55397, 89.667778, 82.636375
109.547287, 89.558739, 82.603149
110.540405, 89.447868, 82.569923
111.533356, 89.335442, 82.536865
112.526131, 89.221764, 82.502823
113.518547, 89.106163, 82.465057
114.510513, 88.988731, 82.421616
115.502068, 88.869675, 82.373421
116.493263, 88.748962, 82.321976
117.484154, 88.626572, 82.268776
118.474823, 88.50248, 82.215309
119.465248, 88.37632, 82.16214
120.455368, 88.247795, 82.108986
121.445175, 88.116859, 82.055855
122.434654, 87.98349, 82.002731
123.423798, 87.847641, 81.949631
124.412598, 87.70948, 81.896042
125.400948, 87.569237, 81.839714
126.388664, 87.426773, 81.77813
127.375603, 87.281548, 81.710777
128.361786, 87.133484, 81.638702
129.347305, 86.982674, 81.563278
130.332275, 86.829018, 81.486382
131.316727, 86.672234, 81.409256
132.300705, 86.512421, 81.332298
133.284256, 86.349976, 81.255379
134.267365, 86.184814, 81.17849
135.249802, 86.015709, 81.101646
136.231537, 85.842598, 81.024872
137.212723, 85.666199, 80.948303
138.193283, 85.486954, 80.870613
139.173019, 85.304665, 80.789589
140.151505, 85.118271, 80.702957
141.128586, 84.927414, 80.610359
142.104324, 84.732689, 80.511894
143.078995, 84.53492, 80.409065
144.05275, 84.333862, 80.303925
145.025482, 84.128082, 80.198463
145.997208, 83.917564, 80.092995
146.967972, 83.702682, 79.987572
147.937866, 83.483818, 79.882233
148.906921, 83.261246, 79.777039
149.874786, 83.033501, 79.671989
150.841476, 82.80072, 79.56707
151.807175, 82.563797, 79.462288
152.77179, 82.322472, 79.357597
153.73497, 82.0756, 79.252708
154.69664, 81.824104, 79.14489
155.65596, 81.567871, 79.027748
156.613113, 81.307892, 78.901421
157.568268, 81.042313, 78.771767
158.521774, 80.771103, 78.641571
159.474014, 80.495193, 78.512016
160.424896, 80.214546, 78.382637
161.374039, 79.928093, 78.253151
162.321045, 79.6362, 78.1203
163.265778, 79.339867, 77.981277
164.20787, 79.038521, 77.835243
165.147873, 78.731766, 77.686935
166.085602, 78.418053, 77.53891
167.021606, 78.099052, 77.391167
167.955521, 77.773857, 77.243752
168.887543, 77.443222, 77.096451
169.81694, 77.10675, 76.9459
170.742615, 76.763458, 76.787941
171.664917, 76.414581, 76.622665
172.584534, 76.059959, 76.454651
173.501923, 75.699509, 76.286888
174.416397, 75.331459, 76.119667
175.328354, 74.957008, 75.952911
176.237946, 74.576782, 75.786377
177.144012, 74.189323, 75.617287
178.046173, 73.795982, 75.441048
178.943985, 73.396652, 75.256264
179.837997, 72.990829, 75.067238
180.728989, 72.578377, 74.878319
181.616852, 72.158882, 74.690208
182.50177, 71.73291, 74.502724
183.383423, 71.299934, 74.315933
184.261673, 70.859764, 74.12986
185.137085, 70.413742, 73.944405
186.00853, 69.959671, 73.759819
186.876984, 69.499649, 73.575867
187.741211, 69.032547, 73.3899
188.59819, 68.560776, 73.183304
189.448547, 68.084381, 72.960602
190.292755, 67.602982, 72.7257
191.127457, 67.119148, 72.463463
191.950699, 66.633781, 72.169868
192.758362, 66.149872, 71.833549
193.55336, 65.66658, 71.467476
194.336044, 65.183647, 71.075279
195.107391, 64.701462, 70.660393
195.866516, 64.22094, 70.221687
196.616852, 63.739624, 69.769028
197.358643, 63.25959, 69.301086
198.090424, 62.780731, 68.816452
198.813538, 62.303833, 68.317139
199.529358, 61.828564, 67.805923
200.237045, 61.355515, 67.281502
200.936127, 60.885265, 66.743156
201.633087, 60.415955, 66.201248
202.319519, 59.953682, 65.640198
203.003098, 59.493217, 65.074211
203.677124, 59.039402, 64.491608
204.343292, 58.593246, 63.894325
205.005325, 58.153053, 63.288002
205.668335, 57.71524, 62.681026
206.331177, 57.276962, 62.0742
206.992981, 56.835835, 61.468319
207.654343, 56.393463, 60.86285
208.315552, 55.950699, 60.257511
208.976669, 55.507637, 59.652271
209.638229, 55.065807, 59.046623
210.301163, 54.627792, 58.439713
210.966858, 54.197559, 57.830273
211.635773, 53.776604, 57.217888
212.30954, 53.37014, 56.601055
212.987564, 52.976879, 55.980331
213.669922, 52.597668, 55.355637
214.35672, 52.23349, 54.726875
215.047287, 51.882622, 54.094673
215.740997, 51.543388, 53.459579
216.437332, 51.214123, 52.822094
217.135757, 50.893154, 52.182682
217.835876, 50.579006, 51.541729
218.537537, 50.271255, 50.899349
219.240479, 49.968983, 50.255779
219.944458, 49.671139, 49.611282
220.649231, 49.376671, 48.966095
221.354568, 49.08456, 48.320465
222.060883, 48.795219, 47.674629
222.768646, 48.510742, 47.028236
223.47821, 48.233231, 46.380798
224.18988, 47.964817, 45.731846
224.903946, 47.707645, 45.080959
225.620224, 47.46196, 44.428089
226.338562, 47.227448, 43.773357
227.059219, 47.006416, 43.116508
227.782196, 46.799423, 42.457626
228.507111, 46.605549, 41.796883
229.230026, 46.425278, 41.13015
229.945389, 46.261509, 40.451107
230.653107, 46.111553, 39.761009
231.35144, 45.975826, 39.058556
232.01561, 45.857529, 38.320992
232.544907, 45.770168, 37.481174
232.814285, 45.727951, 36.522961
232.782074, 45.732952, 35.527992
232.424011, 45.789608, 34.602028
231.755707, 45.902672, 33.875767
230.871124, 46.067898, 33.448818
229.93335, 46.264339, 33.164181
228.982376, 46.485134, 32.9491
228.027786, 46.731815, 32.783836
227.074142, 47.002422, 32.654236
226.123627, 47.296124, 32.555363
225.177567, 47.61198, 32.486382
224.236938, 47.948227, 32.444427
223.301636, 48.301311, 32.431488
222.372269, 48.66946, 32.4501
221.448135, 49.046326, 32.508686
220.529968, 49.425774, 32.619446
219.625275, 49.805428, 32.809196
218.760025, 50.175453, 33.1418
217.986526, 50.512733, 33.675262
217.293671, 50.821465, 34.326096
216.649994, 51.114876, 35.032497
216.038284, 51.400757, 35.769802
215.445267, 51.685955, 36.522575
214.867218, 51.972218, 37.286396
214.302292, 52.261311, 38.059021
213.73912, 52.560139, 38.829224
213.17775, 52.86858, 39.596951
212.618484, 53.187752, 40.361816
212.061462, 53.518009, 41.123608
211.506348, 53.85738, 41.882782
210.953217, 54.206379, 42.639038
210.400665, 54.562809, 43.392239
209.845245, 54.927662, 44.139275
209.28688, 55.29974, 44.880535
208.728577, 55.673927, 45.620777
208.170258, 56.048103, 46.361027
207.612213, 56.421879, 47.101665
207.049881, 56.797802, 47.837955
206.475693, 57.180744, 48.561371
205.900238, 57.561794, 49.284798
205.318848, 57.945667, 50.001919
204.728943, 58.33614, 50.708477
204.139175, 58.72958, 51.413494
203.542587, 59.129791, 52.108852
202.936676, 59.53796, 52.791466
202.330582, 59.946232, 53.473835
201.717697, 60.358974, 54.147346
201.096252, 60.777443, 54.809429
200.465698, 61.202007, 55.458908
199.827972, 61.629047, 56.099651
199.182983, 62.059059, 56.731121
198.5271, 62.493603, 57.348106
197.862549, 62.930344, 57.954098
197.188965, 63.369606, 58.548229
196.503632, 63.812698, 59.125866
195.81311, 64.254883, 59.698002
195.113434, 64.697662, 60.2584
194.398651, 65.144821, 60.79565
193.662689, 65.599419, 61.296883
192.904587, 66.061401, 61.756618
192.126755, 66.528915, 62.176029
191.330963, 66.999535, 62.556507
190.519745, 67.472252, 62.900066
189.694855, 67.944839, 63.20953
188.857971, 68.416054, 63.487347
188.010986, 68.884537, 63.737843
187.154465, 69.349998, 63.959953
186.2901, 69.81176, 64.158165
185.417664, 70.268051, 64.332222
184.539261, 70.71933, 64.488373
183.654572, 71.164742, 64.624619
182.766144, 71.604546, 64.754784
181.872116, 72.037094, 64.869934
180.974594, 72.463646, 64.980377
180.072525, 72.883224, 65.079727
179.166855, 73.296341, 65.173492
178.257523, 73.703148, 65.258591
177.344025, 74.102654, 65.333534
176.427948, 74.496124, 65.408669
175.508911, 74.882576, 65.484138
174.586792, 75.261871, 65.558342
173.661621, 75.635422, 65.623123
172.733444, 76.002686, 65.680344
171.802094, 76.362045, 65.736336
170.868729, 76.716034, 65.792801
169.932922, 77.063591, 65.848869
168.994598, 77.405487, 65.897118
168.053238, 77.740128, 65.936157
167.109589, 78.068611, 65.97226
166.16394, 78.391251, 66.008743
165.216263, 78.707893, 66.045311
164.266678, 79.018723, 66.081955
163.315262, 79.323914, 66.118668
162.362122, 79.623665, 66.155441
161.407349, 79.918144, 66.192482
160.450836, 80.207001, 66.228966
159.492401, 80.489662, 66.263046
158.532471, 80.767761, 66.292587
157.57106, 81.041206, 66.317375
156.608002, 81.309052, 66.338135
155.643356, 81.571342, 66.356995
154.677521, 81.829224, 66.375481
153.710419, 82.082306, 66.39418
152.741898, 82.329865, 66.412903
151.772034, 82.572136, 66.431686
150.801178, 82.810349, 66.450554
149.829224, 83.044144, 66.469101
148.856049, 83.272858, 66.486076
147.881699, 83.49675, 66.499413
146.906387, 83.716698, 66.507896
145.93013, 83.93251, 66.512733
144.952774, 84.143387, 66.5158
143.97438, 84.349335, 66.518417
142.995285, 84.551949, 66.520798
142.015533, 84.751328, 66.523117
141.034973, 84.946693, 66.525459
140.053543, 85.137703, 66.527802
139.071335, 85.32457, 66.530144
138.088364, 85.507469, 66.532494
137.104706, 85.686615, 66.534836
136.120407, 85.862198, 66.537186
135.135513, 86.034409, 66.539543
134.15007, 86.203445, 66.541893
133.164124, 86.369514, 66.54425
132.177704, 86.532799, 66.5466
131.190796, 86.693123, 66.549255
130.203308, 86.849731, 66.551659
129.215256, 87.002808, 66.551353
128.226822, 87.15329, 66.545837
127.238068, 87.301506, 66.536934
126.24894, 87.447205, 66.527679
125.259415, 87.590141, 66.518723
124.269501, 87.73037, 66.509361
123.279228, 87.867973, 66.498917
122.288628, 88.003052, 66.486702
121.297745, 88.135704, 66.471718
120.306679, 88.266281, 66.451012
119.315437, 88.394966, 66.427444
118.323921, 88.521645, 66.404411
117.332115, 88.646004, 66.381462
116.340073, 88.768509, 66.358498
115.347801, 88.889183, 66.335541
114.355301, 89.007912, 66.312569
113.362579, 89.124779, 66.289597
112.369652, 89.239876, 66.266617
111.376534, 89.353294, 66.243629
110.383232, 89.465134, 66.220642
109.389771, 89.575478, 66.197655
108.396141, 89.68438, 66.17466
107.402367, 89.791901, 66.151657
106.408447, 89.898079, 66.128654
105.414391, 90.002975, 66.105652
104.420204, 90.106644, 66.082642
103.425896, 90.209137, 66.059631
102.431473, 90.310501, 66.036621
101.436943, 90.410805, 66.013603
100.442307, 90.510056, 65.990585
99.447556, 90.608147, 65.96756
98.452705, 90.705238, 65.944542
97.457741, 90.801109, 65.921516
96.462715, 90.896408, 65.898483
95.469704, 91.009605, 65.875504
94.4823, 91.165146, 65.852654
93.495171, 91.322426, 65.829811
92.508049, 91.479706, 65.806961
91.52092, 91.636986, 65.784119
